2000 3996
0 2
0 401
1 2
1 3
1 4
1 5
1 6
1 7
1 8
1 9
1 10
1 12
1 13
1 15
1 18
1 19
1 22
1 24
1 26
1 28
1 47
1 63
1 69
1 74
1 85
1 95
1 99
1 103
1 108
1 110
1 126
1 131
1 136
1 148
1 149
1 160
1 180
1 188
1 189
1 208
1 218
1 223
1 229
1 230
1 237
1 240
1 246
1 251
1 255
1 258
1 260
1 262
1 279
1 288
1 290
1 308
1 314
1 324
1 328
1 354
1 355
1 362
1 378
1 387
1 395
1 399
1 400
1 404
1 406
1 442
1 446
1 450
1 464
1 487
1 494
1 522
1 588
1 608
1 619
1 624
1 642
1 648
1 697
1 712
1 728
1 737
1 766
1 791
1 797
1 799
1 805
1 816
1 818
1 819
1 834
1 849
1 856
1 858
1 860
1 877
1 889
1 911
1 917
1 934
1 941
1 961
1 963
1 978
1 981
1 1000
1 1031
1 1057
1 1084
1 1120
1 1123
1 1140
1 1157
1 1200
1 1236
1 1254
1 1296
1 1303
1 1381
1 1387
1 1415
1 1425
1 1437
1 1466
1 1470
1 1474
1 1478
1 1508
1 1545
1 1570
1 1573
1 1609
1 1639
1 1700
1 1781
1 1815
1 1874
1 1875
1 1906
1 1912
1 1933
2 3
2 4
2 7
2 8
2 9
2 12
2 17
2 21
2 23
2 25
2 37
2 38
2 59
2 79
2 83
2 84
2 94
2 102
2 123
2 145
2 146
2 182
2 191
2 192
2 199
2 210
2 213
2 232
2 247
2 263
2 266
2 302
2 311
2 320
2 334
2 341
2 344
2 409
2 410
2 427
2 434
2 435
2 444
2 449
2 495
2 502
2 562
2 565
2 588
2 593
2 675
2 684
2 723
2 730
2 780
2 788
2 809
2 828
2 900
2 945
2 1012
2 1034
2 1078
2 1094
2 1218
2 1291
2 1374
2 1393
2 1410
2 1411
2 1417
2 1424
2 1433
2 1485
2 1527
2 1557
2 1562
2 1572
2 1601
2 1606
2 1706
2 1824
2 1859
2 1866
2 1989
3 5
3 6
3 19
3 43
3 67
3 98
3 109
3 119
3 122
3 128
3 162
3 166
3 179
3 182
3 183
3 203
3 241
3 271
3 366
3 486
3 495
3 522
3 710
3 758
3 863
3 902
3 971
3 984
3 1018
3 1081
3 1268
3 1282
3 1316
3 1391
3 1415
3 1418
3 1419
3 1666
3 1891
3 1912
4 32
4 36
4 52
4 72
4 128
4 199
4 222
4 236
4 342
4 395
4 398
4 446
4 457
4 768
4 783
4 845
4 891
4 943
4 1005
4 1512
4 1782
4 1939
4 1976
5 11
5 15
5 29
5 35
5 39
5 42
5 46
5 76
5 93
5 111
5 115
5 140
5 218
5 249
5 375
5 400
5 421
5 584
5 606
5 623
5 659
5 862
5 894
5 929
5 936
5 1267
5 1298
5 1387
5 1420
5 1542
5 1546
5 1585
5 1588
5 1670
6 33
6 57
6 515
6 673
6 932
6 1206
6 1365
6 1814
7 14
7 16
7 17
7 20
7 21
7 26
7 34
7 44
7 48
7 78
7 91
7 94
7 100
7 120
7 122
7 135
7 140
7 144
7 170
7 176
7 191
7 193
7 223
7 251
7 291
7 296
7 297
7 314
7 322
7 343
7 409
7 418
7 420
7 434
7 440
7 468
7 484
7 489
7 508
7 510
7 537
7 576
7 613
7 626
7 669
7 672
7 680
7 717
7 729
7 734
7 888
7 951
7 965
7 992
7 994
7 1007
7 1086
7 1214
7 1325
7 1406
7 1414
7 1458
7 1479
7 1542
7 1567
7 1586
7 1592
7 1627
7 1661
7 1674
7 1679
7 1721
7 1849
7 1915
8 10
8 13
8 14
8 24
8 25
8 28
8 40
8 48
8 64
8 69
8 70
8 71
8 80
8 91
8 92
8 157
8 177
8 178
8 231
8 304
8 311
8 337
8 350
8 352
8 388
8 406
8 490
8 504
8 521
8 611
8 632
8 637
8 700
8 729
8 746
8 770
8 807
8 815
8 1016
8 1122
8 1299
8 1399
8 1438
8 1519
8 1558
8 1597
8 1677
8 1780
8 1982
9 339
9 532
9 701
9 1858
9 1894
10 11
10 82
10 84
10 221
10 305
10 326
10 413
10 475
10 536
10 653
10 698
10 1165
10 1370
10 1718
10 1905
11 16
11 18
11 30
11 46
11 56
11 62
11 70
11 96
11 142
11 267
11 286
11 297
11 312
11 423
11 475
11 652
11 677
11 810
11 872
11 937
11 954
11 990
11 1027
11 1028
11 1093
11 1126
11 1189
11 1252
11 1325
11 1427
11 1515
11 1701
12 37
12 55
12 81
12 106
12 116
12 161
12 217
12 289
12 317
12 331
12 369
12 397
12 465
12 499
12 537
12 580
12 604
12 629
12 789
12 960
12 967
12 976
12 1048
12 1102
12 1137
12 1273
12 1339
12 1725
12 1881
12 1979
13 259
13 407
13 437
13 785
13 1033
13 1219
13 1879
14 23
14 32
14 39
14 41
14 105
14 117
14 118
14 130
14 149
14 161
14 194
14 201
14 205
14 245
14 277
14 368
14 437
14 585
14 591
14 639
14 675
14 722
14 799
14 851
14 859
14 884
14 890
14 1041
14 1086
14 1166
14 1209
14 1248
14 1253
14 1303
14 1324
14 1420
14 1436
14 1599
14 1612
14 1620
14 1765
14 1830
14 1947
14 1962
15 20
15 33
15 62
15 73
15 155
15 187
15 235
15 250
15 258
15 303
15 402
15 432
15 438
15 544
15 569
15 599
15 703
15 769
15 822
15 868
15 955
15 1056
15 1085
15 1166
15 1167
15 1175
15 1367
15 1500
15 1619
15 1835
16 56
16 301
16 563
16 614
16 640
16 793
16 1064
16 1174
16 1297
16 1757
16 1874
17 27
17 75
17 138
17 231
17 257
17 310
17 321
17 344
17 391
17 464
17 567
17 617
17 632
17 921
17 991
17 996
17 1153
17 1770
18 27
18 81
18 433
18 1034
18 1915
19 22
19 49
19 83
19 109
19 125
19 151
19 209
19 226
19 250
19 360
19 376
19 445
19 555
19 558
19 586
19 596
19 630
19 631
19 736
19 751
19 768
19 773
19 1073
19 1492
19 1555
19 1704
19 1940
20 31
20 38
20 57
20 65
20 74
20 90
20 104
20 113
20 123
20 219
20 294
20 340
20 378
20 389
20 393
20 415
20 418
20 442
20 505
20 634
20 649
20 762
20 776
20 841
20 912
20 1006
20 1024
20 1153
20 1292
20 1326
20 1457
20 1501
20 1537
20 1556
20 1582
20 1587
20 1797
21 461
21 1329
21 1629
22 61
22 425
22 671
22 1014
22 1159
22 1798
22 1810
22 1905
23 36
23 40
23 43
23 58
23 66
23 89
23 470
23 525
23 544
23 642
23 997
23 1049
23 1264
23 1384
23 1399
23 1428
24 54
24 127
24 154
24 225
24 443
24 581
24 628
24 933
24 1039
24 1168
24 1189
24 1243
24 1321
24 1332
24 1337
24 1642
24 1811
24 1972
25 60
25 85
25 164
25 200
25 284
25 294
25 610
25 672
25 883
25 897
26 29
26 31
26 52
26 144
26 168
26 273
26 290
26 309
26 380
26 415
26 519
26 558
26 599
26 611
26 634
26 678
26 727
26 765
26 777
26 784
26 813
26 907
26 1002
26 1046
26 1065
26 1066
26 1093
26 1168
26 1264
26 1320
26 1364
26 1545
26 1622
26 1668
26 1688
26 1702
26 1784
26 1916
26 1924
26 1967
26 1969
26 1978
27 34
27 54
27 58
27 119
27 133
27 286
27 298
27 348
27 351
27 509
27 746
27 897
27 903
27 1095
27 1531
27 1616
28 30
28 35
28 45
28 47
28 53
28 59
28 64
28 73
28 82
28 88
28 101
28 108
28 124
28 136
28 175
28 196
28 207
28 220
28 248
28 381
28 398
28 441
28 561
28 570
28 627
28 740
28 888
28 936
28 953
28 1010
28 1130
28 1151
28 1186
28 1215
28 1226
28 1262
28 1366
28 1377
28 1391
28 1434
28 1444
28 1552
28 1561
28 1734
28 1993
29 42
29 196
29 264
29 308
29 363
29 412
29 1017
29 1203
30 49
30 106
30 216
30 269
30 815
30 973
30 1258
30 1451
31 114
31 330
31 652
31 1105
32 44
32 72
32 76
32 87
32 107
32 188
32 422
32 541
32 564
32 1361
32 1728
33 241
33 280
33 306
33 402
33 467
33 667
33 782
33 1306
33 1465
34 50
34 77
34 80
34 93
34 96
34 103
34 111
34 158
34 159
34 164
34 174
34 217
34 235
34 252
34 301
34 354
34 358
34 359
34 386
34 404
34 444
34 469
34 528
34 570
34 577
34 753
34 778
34 912
34 985
34 990
34 1023
34 1215
34 1243
34 1267
34 1276
34 1308
34 1382
34 1437
34 1470
34 1553
34 1568
34 1619
34 1659
34 1665
34 1840
35 51
35 60
35 63
35 101
35 177
35 219
35 363
35 429
35 579
35 638
35 699
35 826
35 836
35 842
35 882
35 1477
36 55
36 68
36 97
36 112
36 113
36 202
36 500
36 1025
37 79
37 227
37 244
37 1003
37 1488
37 1500
37 1611
38 71
38 360
38 385
38 497
38 513
38 643
38 1043
38 1481
38 1569
38 1732
39 41
39 65
39 195
39 273
39 336
39 407
39 478
39 553
39 732
39 861
39 1097
39 1146
39 1331
39 1704
39 1883
39 1971
40 166
40 530
40 1463
41 45
41 50
41 120
41 184
41 253
41 456
41 476
41 480
41 818
41 892
41 975
41 1005
41 1074
41 1080
41 1136
41 1188
41 1278
41 1328
41 1541
41 1584
41 1634
41 1636
41 1807
41 1855
41 1861
41 1873
41 1883
42 172
42 205
42 243
42 291
42 583
42 621
42 876
42 939
42 985
42 1055
42 1402
42 1445
42 1528
43 53
43 312
43 403
43 848
43 1143
43 1481
43 1638
43 1885
43 1916
43 1966
44 137
44 162
44 817
44 1058
44 1695
44 1796
45 181
45 206
45 252
45 287
45 334
45 361
45 419
45 471
45 546
45 620
45 755
45 775
45 806
45 1172
45 1346
45 1661
45 1676
46 1180
47 78
47 104
47 112
47 118
47 220
47 283
47 329
47 372
47 676
47 923
47 1144
47 1283
47 1311
47 1623
47 1663
47 1733
47 1742
47 1778
47 1986
48 260
48 538
48 1735
49 51
49 179
49 229
49 318
49 739
49 1595
50 796
50 1308
50 1644
51 77
51 86
51 145
51 493
51 696
51 867
51 951
51 1124
51 1181
51 1934
52 372
52 1483
52 1544
53 61
53 198
53 265
53 315
53 320
53 337
53 377
53 479
53 494
53 595
53 603
53 648
53 704
53 977
53 1128
53 1270
53 1288
53 1539
53 1861
54 129
54 156
54 169
54 194
54 333
54 512
54 683
54 720
54 864
54 961
54 1409
54 1432
54 1828
55 153
55 445
55 1037
55 1216
55 1872
56 1101
56 1518
57 124
57 160
57 213
57 335
57 470
57 474
57 572
57 616
57 769
57 781
57 1046
57 1345
57 1378
57 1632
57 1672
58 66
58 68
58 285
58 420
58 456
58 855
58 858
58 1090
58 1234
58 1513
58 1629
58 1720
58 1958
58 1995
59 181
59 316
59 561
59 701
59 905
59 1954
60 121
60 125
60 566
60 786
60 1421
60 1574
60 1852
60 1892
60 1961
61 89
61 1951
61 1981
62 67
62 158
62 662
62 757
62 926
62 1156
62 1590
62 1816
62 1896
63 100
63 107
63 141
63 186
63 206
63 343
63 449
63 718
63 1041
63 1098
63 1208
63 1277
63 1311
63 1787
63 1805
64 92
64 97
64 433
64 1506
65 102
65 422
65 1030
65 1111
65 1740
65 1887
66 75
66 90
66 133
66 533
66 1089
66 1142
66 1946
67 131
67 138
67 159
67 163
67 183
67 285
67 686
67 767
67 1053
67 1123
67 1181
67 1183
67 1334
67 1336
67 1380
67 1597
68 740
68 755
68 1309
68 1490
69 88
69 141
69 261
69 619
69 989
69 1350
69 1462
69 1529
69 1953
70 137
70 222
70 573
70 647
70 664
71 99
72 394
72 414
72 545
72 1184
72 1427
72 1530
72 1706
72 1738
72 1801
72 1878
73 1833
73 1938
74 87
74 146
74 204
74 230
74 327
74 481
74 686
74 688
74 733
74 739
74 817
74 1475
74 1489
75 506
75 655
75 1152
75 1191
75 1195
76 795
76 1251
77 95
77 172
77 557
77 582
77 596
77 895
77 959
77 1438
77 1685
77 1722
77 1825
77 1838
78 151
78 423
78 527
78 535
78 694
78 1743
79 86
79 184
79 190
79 249
79 264
79 279
79 443
79 488
79 564
79 659
79 719
79 1058
79 1078
79 1112
79 1288
79 1353
79 1495
79 1707
79 1775
79 1906
79 1968
81 156
81 211
81 524
81 543
82 132
82 153
82 616
82 843
83 168
83 256
83 382
83 387
83 424
83 452
83 516
83 677
83 706
83 1072
83 1550
83 1739
83 1842
84 212
84 224
84 261
84 1076
84 1157
84 1281
84 1290
84 1335
84 1561
84 1758
85 98
85 126
85 130
85 155
85 187
85 355
85 847
85 962
85 1057
85 1135
85 1148
85 1272
85 1588
85 1624
85 1880
85 1978
86 339
86 383
86 875
86 930
86 1131
86 1323
86 1848
86 1903
87 152
87 1592
88 117
88 139
88 142
88 216
88 267
88 284
88 302
88 307
88 425
88 430
88 635
88 771
88 840
88 846
88 916
88 1025
88 1257
88 1355
88 1712
89 1974
90 721
90 948
90 1088
90 1806
91 134
91 215
91 306
91 380
91 465
91 703
91 1199
91 1593
92 510
92 556
92 568
92 821
92 931
92 1396
92 1591
92 1605
92 1889
92 1925
93 178
93 458
93 709
93 1970
94 135
94 165
94 313
94 345
94 392
94 479
94 557
94 594
94 597
94 633
94 636
94 974
94 1106
94 1148
94 1152
94 1186
94 1193
94 1237
94 1244
94 1258
94 1361
94 1574
94 1934
95 115
95 236
95 276
95 303
95 517
95 871
95 1125
95 1310
95 1532
96 597
96 676
96 1015
96 1339
96 1556
96 1640
96 1822
96 1893
97 127
97 496
97 514
97 1407
97 1879
98 245
99 105
99 530
99 1015
99 1513
99 1554
99 1807
99 1958
100 462
100 692
101 114
101 270
101 300
101 307
101 647
101 651
101 1284
101 1512
101 1635
101 1724
102 121
102 316
102 501
102 555
102 709
102 958
102 994
102 1265
102 1963
103 512
103 590
103 761
103 1307
104 134
104 452
104 462
104 931
104 1160
104 1206
104 1224
104 1460
104 1749
104 1890
106 483
106 1026
106 1091
106 1158
107 110
107 148
107 165
107 176
107 214
107 270
107 371
107 466
107 539
107 566
107 608
107 866
107 1847
108 173
108 315
109 143
109 214
109 507
109 660
109 737
109 901
109 938
109 1622
109 1656
109 1785
109 1876
110 304
110 338
110 414
110 488
110 574
111 631
111 825
111 923
112 491
112 1067
112 1295
112 1527
112 1606
112 1667
113 147
113 170
113 171
113 246
113 247
113 265
113 359
113 379
113 403
113 504
113 909
113 993
113 1155
113 1164
113 1239
113 1429
113 1864
113 1923
114 154
114 255
114 477
114 521
114 594
114 661
114 671
114 835
114 1139
114 1221
114 1711
114 1736
114 1741
115 116
115 185
115 242
115 275
115 393
115 707
115 814
115 932
115 986
115 1646
116 143
116 167
116 189
116 509
116 540
116 575
116 762
116 851
116 887
116 1173
116 1454
116 1959
117 198
117 349
117 436
117 459
117 645
117 891
117 894
117 1020
117 1247
117 1418
117 1525
118 197
118 353
118 386
118 934
118 984
118 1009
118 1269
118 1660
118 1907
119 132
119 139
119 208
119 711
119 775
119 839
119 855
119 1435
119 1440
119 1872
120 147
120 653
120 716
120 899
120 1033
120 1063
120 1177
120 1259
120 1277
120 1398
121 792
121 798
121 824
121 1044
121 1217
121 1692
122 150
122 480
122 505
122 841
122 1366
122 1573
122 1754
123 150
123 211
123 215
123 508
123 830
123 1402
123 1560
124 202
124 467
124 482
124 1018
124 1359
124 1476
125 152
125 169
125 366
125 382
125 718
125 1080
125 1176
125 1212
125 1393
125 1994
126 129
126 526
126 1480
127 174
127 239
127 779
127 836
127 1377
127 1455
128 212
128 283
128 654
128 1419
128 1789
128 1988
129 167
129 175
129 248
129 424
130 1071
130 1944
131 385
131 523
132 221
132 268
132 292
132 432
132 496
132 529
132 822
132 833
132 914
132 919
132 1016
132 1265
132 1312
132 1375
132 1462
132 1491
132 1940
133 200
133 254
133 573
133 1094
133 1596
133 1680
134 904
134 968
134 1045
134 1548
134 1960
135 163
135 293
135 1083
135 1238
135 1598
135 1984
136 1849
137 185
137 272
137 460
137 969
137 1904
138 180
138 225
138 256
138 853
138 988
138 1130
138 1882
139 376
139 981
140 197
140 917
140 1182
140 1600
141 281
141 679
143 157
143 518
143 1726
143 1938
144 204
144 379
144 493
144 572
144 779
144 1581
144 1873
144 1924
145 319
145 760
145 970
145 1068
145 1744
146 238
146 892
146 1988
147 210
147 1113
147 1188
147 1600
147 1748
147 1793
148 288
148 956
149 353
149 367
149 663
149 846
149 1274
149 1794
150 542
150 1608
151 1335
152 192
152 298
152 577
152 1316
153 190
153 636
153 749
153 812
153 852
153 1100
153 1289
153 1350
154 193
154 340
154 438
154 466
154 507
154 617
154 657
154 726
154 735
154 1158
154 1379
154 1647
154 1808
155 228
155 439
155 593
155 731
155 1207
156 1472
157 1368
157 1371
157 1863
158 195
158 244
158 525
158 534
158 575
158 607
158 712
158 805
158 930
158 939
158 959
158 999
158 1205
158 1579
158 1886
159 281
159 471
159 473
159 697
159 915
159 1082
159 1111
159 1317
159 1533
159 1834
160 237
160 447
160 630
160 761
160 801
160 869
160 922
160 977
160 1026
160 1104
160 1376
160 1720
161 268
161 278
161 347
161 411
161 440
161 609
161 633
161 1109
161 1779
161 1850
162 171
162 203
162 550
162 831
162 893
162 1850
163 319
163 518
163 527
163 678
163 1441
163 1442
164 419
164 531
164 893
164 1450
164 1517
165 207
165 239
165 541
165 812
165 829
165 971
165 1431
165 1705
166 232
166 233
166 274
166 341
166 405
166 412
166 485
166 738
166 1061
166 1141
166 1340
167 173
167 325
167 533
167 690
167 949
167 955
168 1020
169 367
169 584
169 1405
169 1532
170 895
170 1092
171 1121
172 224
172 374
172 979
172 1257
172 1703
172 1768
173 497
173 1272
174 1571
175 640
175 833
175 1229
175 1256
175 1319
175 1676
176 280
176 1428
177 401
178 684
178 1333
178 1751
179 754
179 1107
180 309
180 612
180 710
180 809
180 966
180 1230
180 1645
181 233
181 370
181 501
181 548
181 571
181 733
181 949
181 1358
182 186
182 295
182 346
182 1633
183 1246
184 201
184 226
184 263
184 299
184 1161
184 1920
185 299
185 461
185 473
185 492
185 515
185 604
185 625
185 928
185 1006
185 1030
185 1250
185 1322
185 1498
185 1503
185 1523
185 1686
185 1846
185 1997
186 357
186 365
186 448
186 747
186 1231
186 1360
186 1392
188 282
188 336
188 361
188 563
188 1576
188 1690
189 262
189 399
189 713
189 1145
189 1430
189 1455
189 1637
189 1738
189 1878
189 1885
189 1888
189 1917
190 436
190 1457
191 460
191 559
191 641
191 679
191 1036
192 1375
192 1788
193 392
193 478
193 549
193 1466
193 1845
195 396
195 1373
195 1401
195 1895
196 350
196 447
196 451
196 829
196 864
196 1060
196 1095
196 1755
197 259
197 748
198 242
198 253
198 282
198 511
198 690
198 806
198 1386
198 1417
198 1538
198 1615
200 732
200 1223
200 1443
200 1745
201 296
201 417
201 602
201 735
201 823
201 1082
201 1273
202 472
202 610
202 1643
203 1261
204 227
204 906
204 1278
205 614
205 1127
205 1694
206 209
206 346
206 484
206 529
206 586
206 734
206 947
207 238
207 397
207 551
207 908
207 1727
208 292
208 571
208 1537
208 1841
209 646
209 1150
209 1250
209 1808
209 1896
210 1814
212 275
212 390
212 968
212 1191
212 1282
212 1919
213 287
213 342
213 660
213 1430
214 536
214 724
215 371
215 559
215 915
215 1355
216 1092
216 1528
216 1816
217 1660
218 278
218 1344
218 1423
218 1523
219 431
219 491
219 565
220 1809
221 228
221 234
221 257
221 300
221 323
221 435
221 601
221 765
221 982
221 1286
221 1396
222 234
222 321
222 519
222 1362
222 1394
222 1458
222 1464
222 1526
223 451
223 546
223 618
224 790
224 1229
224 1782
225 1201
226 854
226 1649
227 1001
228 331
228 455
228 463
228 656
228 738
228 842
228 924
228 1047
228 1101
228 1400
228 1543
228 1563
228 1683
228 1719
228 1747
229 240
229 506
229 1249
230 295
230 503
230 637
230 742
230 853
230 920
230 976
230 1876
231 289
231 322
231 329
231 844
231 1446
231 1450
231 1511
231 1741
231 1824
232 243
232 364
232 390
232 486
232 502
232 1672
232 1742
233 441
233 643
233 1620
236 538
236 1674
237 384
237 1102
237 1234
237 1976
238 274
238 313
238 487
238 526
238 562
238 654
238 782
238 904
238 919
238 1884
239 293
239 333
239 481
239 731
239 749
239 890
239 1045
239 1100
239 1721
239 1810
240 560
240 1990
241 1001
241 1159
242 1173
242 1176
242 1664
243 269
243 310
243 683
243 748
243 954
243 1529
243 1820
243 1911
244 1687
245 1004
247 254
247 358
247 623
247 1851
248 272
248 348
248 383
248 1171
248 1975
249 972
249 1070
249 1440
249 1504
249 1671
250 468
250 1346
250 1777
251 332
251 389
251 439
251 477
251 499
251 524
251 760
251 1174
251 1230
251 1465
251 1648
251 1650
252 369
252 569
252 811
252 1197
252 1856
253 266
253 277
253 328
253 589
253 657
253 682
253 880
253 1516
253 1800
253 1989
254 450
254 472
254 483
254 694
254 899
255 700
255 1072
255 1376
255 1681
255 1752
255 1875
255 1973
256 1003
256 1149
256 1354
256 1990
257 589
257 1192
257 1358
258 752
258 1036
259 305
259 396
259 1132
259 1477
259 1652
259 1805
260 428
260 429
260 771
260 1892
262 271
262 431
262 592
262 1760
266 1061
266 1177
266 1180
267 448
267 903
267 1179
267 1675
268 408
268 417
268 547
268 681
268 1169
268 1179
268 1294
269 325
269 416
269 658
269 861
270 364
271 416
271 578
271 960
271 1460
271 1497
271 1753
272 725
272 753
272 834
272 1183
272 1484
272 1650
273 276
273 408
273 567
273 1213
273 1239
275 721
276 410
276 551
276 1126
276 1408
276 1913
277 327
277 1075
277 1143
277 1583
277 1792
278 430
278 1232
279 763
279 940
281 582
281 1930
282 1413
283 318
283 347
283 373
283 405
283 528
283 605
283 1075
283 1353
283 1604
283 1614
283 1638
283 1766
283 1858
283 1909
284 375
284 802
284 1110
284 1342
284 1464
284 1653
285 332
285 531
285 695
285 764
285 797
285 1134
285 1613
286 704
286 843
286 854
287 713
287 796
288 645
288 752
288 1767
289 595
289 798
289 1156
290 317
290 1225
291 323
291 1103
292 607
292 685
292 913
292 1106
292 1764
292 1888
292 1970
293 540
293 717
293 777
293 878
294 356
294 1039
294 1048
294 1448
294 1603
295 394
295 867
295 1357
297 680
298 602
299 626
299 770
299 918
299 1231
299 1534
300 757
300 1390
300 1576
301 583
301 658
301 837
301 1255
301 1749
302 388
302 490
302 870
302 995
302 1122
302 1299
302 1469
302 1493
302 1647
302 1652
302 1827
302 1972
303 687
303 848
303 1115
303 1160
303 1634
304 365
304 1136
304 1259
304 1338
305 789
305 1627
306 1087
306 1568
306 1794
307 381
307 600
307 1643
307 1655
307 1977
308 455
308 924
308 1000
309 792
309 827
309 1907
310 786
310 1510
311 902
311 916
311 1008
312 965
313 373
313 828
313 896
313 1090
313 1338
313 1945
315 345
315 511
315 543
315 1604
316 338
318 326
318 370
318 982
318 1441
319 1050
319 1292
320 324
320 330
320 352
320 857
320 1330
320 1425
321 826
321 885
321 1235
321 1656
323 335
323 766
323 1746
324 691
325 964
325 967
326 865
326 1233
327 639
327 1042
328 668
328 1085
328 1108
328 1270
328 1436
329 362
330 453
330 613
330 666
330 821
330 958
330 1202
330 1763
331 351
331 644
331 1059
332 356
332 1261
333 357
333 469
333 1489
333 1551
334 476
334 1549
336 656
336 663
336 1042
336 1985
337 384
337 750
337 1008
337 1047
337 1448
337 1778
338 391
338 726
338 1354
338 1434
338 1921
338 1991
339 847
339 1028
339 1446
339 1809
339 1942
340 803
341 349
341 492
341 503
341 1318
341 1841
342 1751
343 1917
344 725
344 1352
344 1405
344 1702
345 485
345 743
346 745
346 1073
346 1478
346 1522
346 1913
347 534
347 552
347 702
347 1341
347 1404
348 374
348 1091
348 1368
348 1844
349 1884
350 1843
351 983
352 1077
352 1708
352 1981
353 618
353 820
353 1411
353 1642
353 1867
355 426
355 552
355 933
355 1284
355 1298
355 1566
355 1616
355 1691
355 1771
356 457
356 1479
357 665
358 682
359 427
359 454
359 520
359 763
359 1119
359 1942
360 498
362 1414
362 1551
362 1772
363 368
363 489
363 1214
364 872
364 1201
365 877
365 1138
365 1142
366 454
366 882
366 901
368 804
368 1372
368 1806
369 784
371 920
372 1035
372 1468
373 377
373 649
373 702
373 1097
373 1099
374 839
374 980
374 1178
374 1305
374 1973
375 669
375 991
375 1065
375 1105
375 1266
375 1762
376 969
376 997
378 428
378 579
378 606
378 670
378 728
378 925
378 1169
378 1442
378 1960
379 664
379 1052
381 1068
381 1185
381 1426
382 453
382 459
382 463
382 910
382 1598
383 714
384 787
385 413
385 638
385 670
385 741
385 1117
385 1488
385 1695
386 801
387 1987
388 756
389 1553
390 1621
391 411
391 918
391 972
392 498
394 646
394 747
394 1301
394 1731
395 520
395 576
395 591
396 580
396 742
399 587
399 655
399 1817
400 1837
400 1882
402 744
402 1069
402 1099
402 1842
402 1961
403 922
403 989
403 1200
403 1577
403 1871
404 578
404 754
404 1096
404 1693
405 560
405 913
405 1187
405 1509
406 621
408 627
409 1110
410 421
410 823
411 539
411 603
412 554
412 674
412 824
414 699
414 873
414 1120
415 1547
415 1662
415 1825
416 810
416 850
416 1683
417 1113
418 1653
419 1447
420 773
420 980
420 1196
420 1927
421 866
422 426
422 778
422 1952
422 1966
423 744
423 1777
424 691
424 793
424 1205
424 1324
424 1615
424 1821
425 689
425 937
426 598
426 868
427 517
428 1022
428 1342
429 668
429 1811
430 458
430 535
430 542
430 568
430 650
430 788
430 800
430 1319
430 1716
430 1826
430 1897
430 1998
431 743
432 1238
433 1051
433 1118
433 1395
433 1886
434 482
434 859
434 1345
435 1599
436 693
436 1395
436 1709
437 811
437 1439
438 590
438 800
438 845
438 865
438 1031
440 1654
440 1759
441 1658
441 1710
442 794
442 1659
442 1869
443 1700
444 550
444 1043
444 1066
444 1977
445 641
445 720
445 880
445 983
445 1210
445 1453
445 1603
446 863
446 1630
447 516
447 635
447 794
447 1857
448 1383
449 673
449 1023
449 1054
449 1998
450 1773
451 665
451 1009
451 1291
451 1294
452 1184
453 628
453 927
453 1116
453 1226
453 1769
453 1830
453 1939
454 1692
454 1818
455 1144
456 928
456 1644
456 1986
457 781
457 1516
460 820
460 1696
461 772
462 532
462 804
462 1056
462 1295
462 1697
464 1623
465 764
467 1162
467 1840
468 474
468 592
469 523
469 909
469 978
469 1053
469 1182
470 1187
471 1118
471 1390
472 666
473 625
473 667
473 693
474 500
474 514
474 1536
475 620
475 1795
475 1887
476 674
476 719
476 1610
477 707
477 802
477 1290
477 1459
477 1733
478 1017
480 553
480 756
480 1389
480 1914
482 715
485 1903
486 708
486 1575
487 813
487 993
487 1011
487 1040
487 1365
487 1705
488 1029
488 1618
490 513
490 706
491 1302
491 1326
491 1336
492 723
492 759
492 1212
492 1580
494 963
494 1024
494 1439
495 1347
495 1860
496 687
496 1367
498 869
498 1021
499 908
501 1208
502 1487
503 759
503 767
503 1172
503 1334
503 1688
504 1925
505 581
505 622
505 1790
505 1920
505 1964
506 545
506 973
507 879
507 929
507 1469
507 1531
507 1726
508 830
508 1310
508 1426
508 1617
508 1631
508 1703
508 1992
509 556
509 1671
511 808
513 1147
514 598
514 1059
514 1146
516 1137
516 1163
516 1409
516 1508
517 780
518 574
519 1108
520 1388
521 745
521 907
521 1014
521 1410
521 1789
521 1829
522 942
522 1486
523 554
524 548
525 970
525 1304
527 943
527 986
527 1664
527 1716
528 547
529 587
529 1055
529 1547
529 1877
529 1932
530 1260
530 1351
530 1536
531 1271
531 1786
531 1999
532 695
532 935
532 950
532 1064
532 1193
532 1723
533 549
533 871
533 898
533 1002
533 1454
533 1497
533 1602
534 601
534 1248
536 615
536 879
536 1304
536 1379
536 1854
537 999
537 1134
537 1520
538 862
538 1476
538 1948
539 787
539 926
539 1363
539 1535
539 1681
540 1416
540 1472
540 1564
541 605
541 791
542 612
542 1936
545 944
547 1610
549 600
549 886
549 1275
549 1306
550 1262
551 1220
552 1737
553 1662
553 1730
554 1583
554 1727
554 1918
555 940
555 1249
557 776
557 1163
557 1263
557 1356
558 1406
559 650
559 1038
559 1313
559 1897
560 1563
561 585
561 807
561 1605
561 1937
562 644
562 844
562 870
562 988
562 1514
563 730
563 1596
564 1799
565 624
565 1060
565 1279
566 1119
567 751
569 1422
570 1170
572 1936
574 609
574 790
574 898
574 1279
574 1521
574 1569
574 1982
576 736
576 1197
576 1505
576 1729
576 1852
577 1373
579 772
579 1386
579 1456
581 1280
582 946
582 1496
586 1429
586 1618
587 615
587 622
587 838
587 1540
587 1559
587 1594
587 1868
588 957
588 1944
589 711
589 1625
589 1968
590 705
591 1904
592 1922
593 1138
593 1140
594 785
594 975
594 1728
597 1320
598 1019
599 1083
601 689
602 803
602 1245
602 1831
603 832
603 938
604 1194
605 1699
606 1225
606 1293
608 688
609 662
609 831
610 974
610 1275
611 629
611 1413
611 1722
616 651
616 1752
617 1154
617 1991
618 1504
618 1682
620 874
622 1032
622 1349
622 1362
622 1602
624 825
625 832
625 840
625 1283
625 1341
626 808
626 876
626 1330
628 1252
628 1443
628 1839
629 1202
629 1525
630 685
630 1162
630 1580
631 838
631 1133
632 1117
632 1219
632 1640
632 1791
633 696
634 819
636 681
636 727
636 1128
637 1116
639 1268
639 1798
640 1077
640 1739
642 714
643 1332
644 758
645 722
647 1385
648 1132
648 1329
648 1715
651 905
651 1456
652 698
652 1685
652 1932
654 1194
654 1713
655 1735
656 1471
657 1667
658 661
658 1844
659 1714
660 1062
661 1012
661 1445
663 1678
664 1287
664 1371
664 1558
665 741
665 925
665 979
665 1079
665 1211
666 1228
666 1544
667 1029
667 1754
668 692
668 1697
669 1129
670 715
670 911
672 1877
673 827
674 849
674 1421
674 1630
677 1639
677 1657
679 1037
679 1394
679 1708
679 1717
681 850
681 883
681 885
682 921
682 1774
683 896
683 1624
683 1853
684 1154
685 1854
689 774
689 942
689 1178
689 1467
690 1804
691 1474
692 992
692 1701
692 1803
693 750
693 1753
694 1222
697 705
697 1613
701 708
701 878
701 1127
701 1285
702 1651
702 1853
704 774
705 1364
707 1235
707 1237
707 1823
708 953
708 1348
708 1370
708 1571
709 1584
710 716
710 998
710 1052
710 1074
710 1167
710 1651
711 1799
712 884
712 948
712 1049
712 1115
712 1297
712 1403
712 1745
714 1770
719 724
719 795
719 1833
720 1677
721 1546
722 856
722 1251
727 1802
729 783
729 1079
729 1783
730 1433
730 1946
735 1678
735 1969
736 1247
738 1147
738 1957
739 816
743 1271
743 1572
743 1890
744 1089
746 887
746 1412
746 1781
748 1724
749 1213
749 1819
751 1328
752 837
752 1220
752 1383
752 1468
752 1495
752 1557
752 1570
754 1209
754 1473
754 1785
756 1151
756 1762
757 835
757 1351
758 1071
762 941
763 886
763 906
763 1210
763 1579
766 1013
766 1027
767 1522
768 1322
768 1901
770 873
771 1266
771 1948
774 964
775 1038
777 889
777 1510
777 1534
780 952
780 1431
780 1956
781 1289
782 1242
782 1663
783 852
784 987
784 1076
784 1098
784 1196
784 1280
784 1731
787 1103
789 881
789 1832
789 1871
790 1628
794 1307
794 1730
795 1505
795 1680
796 1010
796 1507
796 1631
797 947
797 1723
798 1011
800 1894
800 1987
802 1389
804 857
804 1204
804 1909
804 1964
807 860
807 952
808 1935
810 1241
810 1933
811 900
812 814
812 1199
812 1927
813 1070
816 1087
817 957
817 1773
819 1898
821 946
821 1567
822 910
822 1007
822 1509
823 944
826 1040
826 1236
831 962
831 1019
831 1204
831 1549
833 1486
833 1491
834 1155
834 1493
835 1269
838 1475
839 1323
839 1560
840 881
840 1050
841 1004
841 1287
843 1254
843 1293
843 1975
844 1062
844 1096
846 874
847 1245
847 1565
847 1611
849 1286
851 1161
853 1256
853 1836
854 1207
854 1771
855 1943
858 875
859 1063
860 945
863 1129
863 1337
863 1374
865 1581
867 914
867 1637
867 1997
868 1363
868 1898
869 1013
869 1463
870 1941
870 1959
870 1965
871 1690
872 1902
873 1787
875 966
875 1980
876 1612
877 1632
879 1022
879 1218
879 1300
879 1348
879 1955
881 1114
881 1502
881 1748
882 1203
884 1124
884 1224
884 1756
884 1859
885 1766
885 1800
887 1416
888 1834
888 1900
889 950
890 1301
890 1369
890 1385
890 1641
890 1784
891 1717
892 1315
892 1321
892 1369
892 1483
894 1165
894 1947
897 1866
899 1668
900 1125
900 1347
901 1069
904 996
904 1185
904 1423
907 1318
907 1812
907 1829
908 998
908 1081
908 1211
908 1359
911 1666
912 1951
913 1514
913 1779
918 956
919 1228
919 1241
919 1314
919 1649
919 1945
921 927
922 935
922 1198
925 1461
928 1344
928 1524
928 1617
928 1684
928 1712
930 1121
930 1315
930 1400
930 1804
930 1880
932 1908
935 1190
936 1067
938 1452
940 1515
940 1780
941 1054
944 1657
946 1559
947 1503
949 1150
953 1520
953 1607
957 1696
958 1828
958 1943
959 995
959 1217
960 1422
960 1902
961 1930
962 1104
962 1240
962 1449
962 1496
963 1435
963 1648
964 1021
964 1227
965 1051
965 1675
965 1755
965 1996
967 1044
967 1392
969 1856
970 1732
970 1813
971 1451
973 1760
973 1953
974 1578
976 1818
976 1911
976 1999
977 1524
978 987
978 1222
978 1260
978 1314
978 1530
978 1725
979 1737
980 1550
981 1507
982 1131
983 1032
983 1317
984 1633
987 1926
989 1499
989 1790
993 1895
995 1490
996 1190
996 1918
1000 1232
1000 1846
1004 1388
1005 1149
1006 1467
1007 1305
1010 1035
1014 1980
1018 1312
1020 1164
1020 1586
1020 1694
1023 1378
1023 1889
1024 1141
1027 1645
1029 1084
1031 1449
1033 1655
1036 1482
1037 1577
1037 1802
1038 1135
1038 1931
1038 1935
1040 1554
1041 1847
1047 1133
1047 1233
1047 1482
1048 1227
1050 1192
1052 1276
1056 1333
1056 1686
1056 1817
1058 1195
1058 1543
1058 1801
1059 1740
1060 1263
1060 1380
1060 1768
1063 1687
1065 1343
1068 1107
1068 1313
1068 1518
1071 1444
1074 1499
1075 1171
1075 1636
1075 1684
1078 1669
1081 1088
1082 1593
1084 1582
1084 1673
1086 1216
1086 1501
1087 1139
1088 1109
1088 1673
1089 1401
1089 1827
1093 1175
1093 1711
1095 1541
1097 1300
1098 1145
1099 1585
1100 1170
1100 1281
1101 1246
1101 1815
1102 1845
1109 1112
1111 1114
1111 1223
1111 1352
1111 1357
1111 1502
1111 1965
1118 1381
1122 1869
1124 1198
1124 1865
1125 1670
1127 1360
1130 1253
1131 1910
1132 1309
1133 1641
1136 1349
1137 1836
1138 1240
1142 1812
1143 1255
1148 1693
1149 1302
1151 1244
1151 1626
1154 1929
1159 1343
1166 1221
1172 1453
1172 1786
1172 1993
1173 1452
1173 1713
1174 1767
1180 1274
1182 1285
1182 1485
1182 1994
1184 1506
1187 1555
1188 1480
1190 1471
1191 1356
1193 1533
1197 1412
1203 1408
1205 1242
1205 1614
1205 1775
1207 1983
1208 1372
1208 1461
1209 1511
1210 1625
1210 1707
1212 1384
1212 1714
1217 1665
1218 1791
1218 1950
1223 1540
1223 1863
1225 1736
1233 1864
1234 1447
1234 1487
1234 1709
1237 1763
1237 1941
1237 1974
1238 1494
1239 1750
1242 1331
1245 1923
1246 1823
1249 1403
1254 1803
1256 1565
1259 1407
1261 1899
1268 1327
1269 1783
1274 1928
1277 1746
1277 1914
1282 1296
1282 1548
1282 1765
1292 1432
1292 1473
1292 1826
1292 1926
1294 1397
1297 1521
1297 1566
1303 1758
1307 1538
1309 1761
1310 1498
1316 1340
1317 1658
1318 1901
1319 1590
1324 1327
1327 1654
1329 1484
1331 1404
1331 1963
1333 1835
1333 1984
1335 1539
1335 1578
1335 1952
1339 1519
1347 1747
1347 1908
1349 1609
1354 1607
1354 1621
1355 1601
1355 1669
1360 1424
1365 1382
1365 1995
1367 1397
1367 1797
1367 1851
1370 1691
1372 1792
1372 1929
1375 1822
1380 1564
1381 1398
1384 1492
1384 1689
1393 1949
1395 1589
1397 1774
1398 1921
1399 1837
1401 1949
1404 1589
1405 1734
1407 1699
1407 1867
1408 1750
1410 1848
1413 1526
1418 1575
1420 1595
1421 1628
1423 1862
1424 1839
1424 1967
1428 1870
1440 1679
1441 1494
1443 1608
1454 1459
1457 1535
1459 1743
1460 1956
1463 1761
1466 1900
1470 1922
1473 1698
1476 1517
1477 1635
1477 1931
1480 1646
1495 1682
1502 1718
1504 1881
1514 1710
1515 1562
1519 1795
1523 1955
1530 1552
1531 1698
1542 1776
1546 1769
1547 1756
1547 1992
1548 1971
1551 1626
1568 1587
1568 1591
1582 1757
1585 1594
1587 1788
1587 1831
1592 1983
1600 1893
1620 1870
1623 1719
1623 1744
1624 1819
1632 1996
1646 1843
1648 1715
1653 1957
1665 1950
1666 1813
1678 1689
1679 1855
1680 1729
1711 1919
1713 1759
1717 1764
1717 1820
1721 1772
1722 1899
1725 1962
1726 1821
1731 1776
1733 1793
1744 1868
1760 1857
1762 1838
1762 1954
1767 1832
1782 1796
1797 1891
1818 1860
1822 1862
1832 1865
1841 1910
1889 1979
1894 1937
1901 1928
1901 1985
