1000 1996
0 2
0 3
0 5
0 7
0 20
0 24
0 29
0 38
0 53
0 61
0 82
0 105
0 125
0 135
0 146
0 153
0 159
0 214
0 216
0 221
0 245
0 248
0 273
0 291
0 299
0 307
0 349
0 357
0 361
0 375
0 416
0 420
0 455
0 529
0 544
0 566
0 619
0 631
0 635
0 722
0 732
0 771
0 776
0 846
0 918
0 935
0 943
0 953
0 964
1 2
1 3
1 4
1 5
1 9
1 13
1 14
1 15
1 17
1 18
1 31
1 36
1 37
1 48
1 51
1 58
1 78
1 81
1 83
1 84
1 86
1 92
1 95
1 96
1 102
1 116
1 142
1 148
1 149
1 150
1 154
1 171
1 232
1 260
1 272
1 277
1 301
1 313
1 316
1 322
1 324
1 356
1 385
1 401
1 408
1 425
1 429
1 433
1 461
1 499
1 539
1 560
1 569
1 584
1 588
1 611
1 613
1 679
1 690
1 735
1 741
1 756
1 764
1 792
1 804
1 880
1 918
1 941
1 984
2 4
2 6
2 10
2 11
2 19
2 24
2 28
2 39
2 42
2 64
2 71
2 108
2 111
2 112
2 118
2 152
2 176
2 206
2 248
2 348
2 352
2 365
2 378
2 389
2 451
2 457
2 488
2 570
2 596
2 620
2 622
2 675
2 681
2 706
2 728
2 813
2 824
2 887
2 913
2 943
2 945
2 959
2 983
2 991
3 6
3 8
3 10
3 20
3 28
3 30
3 33
3 45
3 51
3 52
3 59
3 62
3 78
3 106
3 145
3 147
3 157
3 162
3 179
3 182
3 183
3 197
3 226
3 253
3 278
3 319
3 323
3 327
3 382
3 441
3 451
3 483
3 486
3 504
3 508
3 513
3 521
3 556
3 573
3 575
3 605
3 610
3 619
3 623
3 682
3 692
3 734
3 808
3 833
3 839
3 858
3 871
3 890
3 899
4 96
4 117
4 178
4 191
4 289
4 380
4 399
4 447
4 481
4 484
4 853
4 936
4 939
4 970
5 23
5 32
5 35
5 124
5 233
5 305
5 326
5 606
5 650
5 708
5 763
5 975
6 7
6 17
6 29
6 44
6 45
6 80
6 84
6 99
6 107
6 177
6 194
6 247
6 311
6 317
6 336
6 387
6 396
6 493
6 520
6 530
6 648
6 695
6 737
6 785
6 803
6 823
6 912
7 8
7 9
7 11
7 12
7 16
7 40
7 70
7 196
7 221
7 256
7 308
7 376
7 398
7 443
7 446
7 596
7 604
7 644
7 648
7 738
7 777
7 822
7 952
8 13
8 16
8 21
8 22
8 34
8 41
8 58
8 68
8 72
8 106
8 128
8 130
8 147
8 161
8 189
8 193
8 316
8 348
8 359
8 368
8 428
8 463
8 482
8 508
8 608
8 678
8 739
8 746
8 748
8 787
8 807
8 845
8 947
8 958
9 12
9 14
9 19
9 479
9 840
10 50
10 487
10 594
10 603
10 835
11 27
11 49
11 50
11 57
11 69
11 103
11 184
11 207
11 212
11 245
11 314
11 580
11 602
11 704
11 739
11 794
11 868
11 873
11 969
12 21
12 23
12 25
12 42
12 100
12 114
12 115
12 157
12 169
12 210
12 492
12 507
12 553
12 651
12 659
12 736
12 760
12 775
12 833
12 908
13 435
14 15
14 31
14 121
14 173
14 189
14 297
14 307
14 330
14 365
14 496
14 785
15 61
15 62
15 77
15 136
15 178
15 223
15 498
15 637
15 726
15 761
15 826
15 968
15 995
16 18
16 22
16 25
16 26
16 27
16 38
16 46
16 60
16 70
16 74
16 79
16 110
16 127
16 158
16 161
16 164
16 202
16 254
16 271
16 278
16 279
16 280
16 291
16 339
16 374
16 405
16 440
16 486
16 578
16 608
16 629
16 723
16 762
16 778
16 805
16 940
17 30
17 33
17 60
17 204
17 258
17 387
17 417
17 431
17 436
17 496
17 609
17 653
17 733
17 983
18 26
18 37
18 49
18 282
18 341
18 383
18 419
18 865
19 309
19 326
19 342
19 790
20 48
20 53
20 240
20 389
20 412
20 504
20 540
20 616
20 781
20 796
20 815
21 34
21 39
21 43
21 74
21 95
21 193
21 276
21 279
21 289
21 309
21 340
21 445
21 506
21 598
21 667
21 701
22 964
23 188
23 417
23 459
23 768
23 963
24 32
24 80
24 86
24 91
24 93
24 105
24 107
24 142
24 154
24 195
24 222
24 225
24 237
24 266
24 276
24 292
24 320
24 328
24 419
24 450
24 513
24 618
24 725
24 731
24 801
24 825
24 832
24 842
24 898
24 916
24 922
24 965
24 985
24 998
25 213
25 333
25 423
25 647
25 790
26 47
26 180
26 229
26 367
26 981
27 77
27 236
27 470
27 617
27 705
27 838
27 976
28 69
28 112
28 168
28 369
28 418
28 613
28 934
29 40
29 143
29 208
29 244
29 433
29 780
30 44
30 181
30 191
30 283
30 393
30 500
30 744
31 41
31 109
31 216
31 333
31 362
31 397
31 801
32 135
32 190
32 230
32 422
32 425
32 444
32 664
33 430
33 436
33 636
34 35
34 36
34 56
34 100
34 114
34 125
34 128
34 139
34 160
34 236
34 258
34 415
34 424
34 450
34 471
34 485
34 507
34 524
34 684
34 759
34 783
34 853
34 903
34 945
35 66
35 99
35 122
35 251
35 290
35 489
35 528
35 757
36 126
36 284
36 581
36 882
36 931
36 963
37 47
37 65
37 67
37 73
37 119
37 127
37 134
37 148
37 149
37 158
37 170
37 172
37 218
37 235
37 247
37 338
37 454
37 458
37 581
37 643
37 675
37 769
37 773
37 819
37 966
37 992
38 54
38 76
38 132
38 268
38 300
38 341
38 353
38 459
38 490
38 721
39 57
39 88
39 144
39 208
39 249
39 418
39 455
39 536
39 651
39 878
39 979
40 54
40 89
40 404
40 416
40 463
40 781
40 800
40 893
41 55
41 65
41 85
41 138
41 340
41 360
41 398
42 43
42 244
42 354
42 452
42 519
42 568
42 595
42 910
42 940
43 59
43 64
43 103
43 194
43 603
43 755
44 46
44 83
44 141
44 181
44 386
44 437
44 474
44 501
44 518
44 574
44 950
45 199
45 409
45 434
45 442
45 518
45 536
45 680
45 820
45 842
46 67
46 113
46 133
46 140
46 217
46 220
46 237
46 358
46 448
46 510
46 546
46 823
46 900
46 905
46 962
47 52
47 91
47 399
47 505
48 87
48 322
49 88
49 152
49 270
49 889
50 170
50 183
50 201
50 429
50 475
50 497
50 625
50 643
50 697
51 131
51 137
51 139
51 159
51 167
51 175
51 231
51 250
51 261
51 267
51 288
51 325
51 460
51 514
51 882
51 951
52 66
52 146
52 156
52 315
52 517
52 792
52 929
53 56
53 63
53 72
53 98
53 104
53 140
53 168
53 177
53 192
53 211
53 235
53 246
53 265
53 394
53 395
53 410
53 483
53 490
53 519
53 555
53 708
53 718
53 752
53 830
53 961
54 55
54 63
54 85
54 92
54 126
54 145
54 175
54 187
54 224
54 227
54 331
54 511
54 652
54 716
54 720
54 750
54 756
54 831
54 973
55 75
55 82
55 121
55 123
55 234
55 274
55 321
55 867
56 337
56 579
56 747
56 980
57 75
57 89
57 94
57 218
57 243
57 255
57 304
57 310
57 515
57 611
57 632
57 946
57 989
58 728
58 897
58 935
59 76
59 79
59 97
59 113
59 270
59 586
60 102
60 133
60 230
60 292
60 298
60 300
60 364
60 382
60 556
60 571
60 734
60 738
60 769
60 824
60 902
61 73
61 93
61 241
61 370
61 411
61 434
61 707
61 851
62 123
62 155
62 360
62 377
62 393
62 415
62 466
62 537
62 595
62 802
62 927
62 932
63 68
63 98
63 131
63 227
63 238
63 251
63 252
63 286
63 423
63 615
63 712
63 788
63 895
63 919
65 246
65 656
66 71
66 110
66 280
66 422
66 473
66 814
67 202
67 209
67 211
67 269
67 405
67 438
67 644
69 109
69 469
69 825
70 90
70 241
70 257
70 344
70 357
70 370
70 598
70 660
70 688
71 81
71 90
71 101
71 116
71 143
71 169
71 192
71 212
71 329
71 395
71 703
71 713
71 751
72 101
72 563
72 597
72 649
73 87
73 104
73 108
73 119
73 625
73 631
73 636
73 748
73 886
73 917
74 141
74 302
74 330
74 388
74 498
74 533
74 772
75 124
75 229
75 296
75 491
75 514
75 522
75 779
75 812
75 908
76 362
76 628
76 770
76 806
77 268
77 336
78 565
79 97
79 120
79 134
79 162
79 188
79 298
79 349
79 374
79 449
79 517
79 818
79 884
79 885
79 920
79 936
79 948
80 129
80 843
81 263
81 338
81 549
81 998
82 414
82 492
82 937
82 968
83 232
83 505
83 677
83 680
83 933
84 165
84 184
84 299
84 306
84 391
84 446
84 477
84 512
84 552
84 559
84 578
84 590
84 870
85 264
85 295
85 304
85 384
85 420
85 480
85 557
85 849
86 166
86 219
86 239
86 252
86 373
86 439
86 526
86 541
86 557
86 600
86 662
86 665
86 714
86 749
86 810
86 854
86 863
86 877
86 942
86 947
87 144
87 406
87 530
87 646
87 699
87 849
87 925
88 94
88 548
88 818
89 138
90 111
90 388
90 564
90 725
90 812
90 954
90 957
91 282
91 283
94 172
94 627
94 779
95 165
95 535
95 612
95 618
95 627
95 770
97 129
97 185
97 443
97 473
98 167
99 160
99 163
99 195
99 196
99 317
99 347
99 462
99 605
99 670
99 714
100 255
100 342
100 584
100 846
102 153
102 946
103 367
103 776
103 821
103 829
104 163
104 205
104 213
104 239
104 242
104 275
104 302
104 478
104 481
104 487
104 509
104 634
104 654
104 802
104 858
104 874
104 899
104 974
105 120
105 174
105 576
105 848
106 445
106 663
107 122
107 130
107 166
107 624
107 637
108 199
108 390
108 607
108 634
108 690
108 711
108 755
108 815
108 827
108 843
109 368
109 891
110 137
110 164
110 180
110 240
110 266
110 312
110 347
110 363
110 397
110 408
110 502
110 749
110 828
110 869
110 907
111 118
111 667
111 698
112 260
112 494
113 115
113 179
113 658
113 772
114 209
114 264
114 324
114 495
114 502
114 538
114 545
114 567
114 896
115 117
115 132
115 201
115 228
115 593
115 639
115 688
115 810
116 343
116 565
116 604
117 409
120 754
120 847
122 136
122 198
122 225
122 231
123 217
123 346
124 203
124 219
124 957
126 503
126 532
126 657
127 151
127 190
127 329
127 337
127 421
127 538
127 551
127 570
127 587
128 174
128 200
129 224
129 378
130 305
130 710
131 263
131 294
131 950
131 989
132 203
132 293
132 371
133 261
133 730
134 275
134 386
134 427
134 435
134 569
135 185
135 187
135 254
135 366
135 441
135 566
135 622
135 767
135 996
136 171
136 228
136 681
137 285
137 866
137 932
138 205
138 223
138 281
138 339
138 562
138 610
138 624
138 740
138 923
138 926
139 281
139 671
139 868
140 150
140 206
140 226
140 449
140 542
140 693
140 736
141 220
141 267
141 516
142 151
142 215
142 332
142 559
142 656
142 687
142 811
142 867
142 972
142 997
143 186
143 294
143 855
144 296
144 791
145 586
146 645
146 762
148 173
148 271
148 366
148 447
148 478
148 484
148 526
148 561
148 626
148 633
148 671
148 864
149 156
149 318
149 546
149 883
149 884
149 888
150 371
151 285
151 638
152 547
152 698
152 712
153 343
154 155
154 176
154 308
154 615
155 233
155 375
155 521
155 621
155 890
156 392
156 457
156 834
157 334
157 591
157 674
158 210
158 215
158 259
158 448
158 475
158 549
158 664
158 986
158 996
159 540
159 685
159 766
160 310
160 464
160 589
160 783
160 841
160 861
160 933
161 588
162 253
162 303
162 635
164 491
164 966
165 222
165 287
165 315
165 501
165 798
165 876
166 288
168 290
168 356
168 379
168 392
168 400
168 494
168 531
168 572
168 620
168 752
168 778
168 872
169 200
169 412
169 654
169 915
169 948
169 973
170 249
170 564
172 250
172 965
173 314
173 453
173 476
173 796
173 809
174 639
175 466
175 545
175 562
175 585
175 765
175 894
176 186
176 599
176 956
177 207
177 438
177 777
177 857
178 214
178 273
178 411
178 707
178 757
178 874
179 182
180 951
180 993
181 331
181 929
182 277
182 583
182 669
182 702
185 381
186 390
186 525
186 560
187 391
187 480
188 413
190 197
190 839
190 954
191 318
191 670
192 198
195 204
195 256
195 383
196 376
196 959
197 407
198 234
198 243
198 311
198 394
198 489
198 668
198 711
198 719
198 850
198 911
200 297
200 548
200 554
200 726
200 904
202 284
203 372
203 495
205 259
205 325
205 497
205 709
205 955
207 844
208 345
212 456
212 534
213 444
213 614
213 814
216 766
217 655
217 780
220 462
220 841
223 332
223 350
223 539
224 238
225 469
226 328
226 972
227 601
228 555
228 606
228 693
229 369
230 437
230 442
231 262
231 456
231 617
231 676
232 761
233 633
234 467
234 476
234 561
234 763
235 287
235 891
236 691
237 465
238 614
238 746
238 854
239 439
241 242
241 600
241 788
242 500
242 672
243 353
243 995
244 265
244 313
245 509
247 306
247 431
248 361
248 467
249 272
249 351
249 400
249 831
250 257
251 262
251 524
251 550
251 629
251 729
251 750
252 582
252 720
252 733
252 798
255 295
255 527
255 683
255 872
255 941
257 515
257 558
257 591
257 701
257 834
257 986
258 269
258 402
258 650
258 751
261 424
263 577
263 949
264 364
264 682
265 286
265 301
265 551
265 590
265 640
265 768
265 784
265 869
265 952
265 988
266 274
266 686
266 787
268 403
269 928
272 373
272 377
272 969
273 363
273 470
274 293
274 312
274 379
274 550
274 646
274 821
274 942
275 647
275 727
276 661
276 678
276 919
277 558
277 938
277 944
280 655
280 907
282 335
282 552
282 715
283 345
283 404
284 696
285 320
285 321
285 852
286 921
287 574
287 837
290 323
290 401
290 410
290 413
290 977
291 303
291 553
298 352
298 913
300 440
300 543
302 794
304 335
306 697
307 533
307 573
308 344
308 871
309 800
311 350
311 685
311 993
312 319
312 327
312 427
312 580
312 741
312 837
312 960
313 520
314 864
315 355
315 381
315 485
315 527
315 621
318 791
319 661
319 844
320 346
321 334
321 358
321 359
321 528
321 542
321 583
321 759
322 641
323 597
324 727
325 406
328 355
328 673
328 724
328 743
328 994
329 354
331 592
331 911
334 862
335 836
335 898
336 970
338 396
338 402
338 472
338 684
338 716
338 967
340 351
340 488
340 799
341 474
341 740
341 747
341 859
341 860
342 403
346 479
346 799
349 426
350 817
352 522
352 630
352 949
354 460
355 454
356 673
356 888
357 464
358 421
358 722
358 895
358 978
359 737
360 934
362 642
363 482
364 786
365 372
367 529
367 971
370 384
370 385
370 807
373 878
374 512
374 641
374 686
374 873
376 506
376 784
377 380
377 543
377 602
377 705
378 640
378 903
379 430
380 866
382 407
382 426
382 458
382 510
382 657
382 819
387 432
387 477
396 414
396 601
396 626
397 452
397 758
400 563
400 702
402 432
402 532
402 732
405 516
406 575
406 695
406 847
406 944
408 428
408 523
409 881
410 592
412 568
412 938
414 511
414 534
415 924
419 493
422 642
422 663
422 689
422 820
422 926
423 731
426 857
427 609
427 925
428 468
429 709
429 730
430 461
430 503
430 719
430 735
431 599
432 851
432 894
432 901
433 816
436 471
436 523
436 999
438 499
439 453
439 465
439 594
439 742
439 771
439 967
440 706
441 472
441 689
441 880
441 921
443 666
444 652
444 691
445 593
448 585
448 665
451 885
454 579
455 468
458 544
458 985
461 632
461 760
461 887
461 906
461 909
470 953
474 607
475 677
477 694
479 773
479 937
479 990
485 917
485 931
487 525
487 797
488 576
488 645
489 577
490 703
490 928
492 567
492 886
494 679
495 582
497 696
497 743
497 850
498 537
500 653
500 879
504 531
507 554
507 669
508 922
508 979
509 764
513 587
518 889
521 811
522 541
522 630
522 804
523 848
524 829
525 745
528 742
528 980
529 939
530 547
530 571
530 877
532 535
532 892
535 827
536 923
539 699
542 662
549 775
549 809
554 806
556 916
559 875
560 855
560 861
561 638
562 676
566 572
572 744
573 856
576 612
576 687
576 838
578 795
581 623
583 589
586 666
587 700
587 704
587 717
589 876
590 830
591 862
594 616
595 832
596 729
596 828
596 991
601 900
602 765
606 860
608 649
610 694
611 658
613 803
613 859
614 672
614 782
614 912
615 674
615 987
617 795
619 659
619 758
620 901
621 805
622 718
623 881
624 789
625 826
625 875
626 628
628 774
631 753
631 845
634 914
635 789
635 817
635 930
635 988
637 692
639 660
645 902
646 797
652 808
653 700
653 710
653 793
656 774
657 835
658 782
659 668
661 715
665 745
666 721
666 724
666 905
672 897
676 683
676 753
679 717
679 956
682 906
684 754
686 955
692 713
695 723
698 999
702 870
706 813
706 863
716 793
719 786
728 836
728 865
735 767
741 896
741 904
741 971
744 856
750 978
751 910
753 930
758 924
766 960
768 822
775 984
776 915
777 852
777 974
778 987
780 816
789 997
791 977
807 976
822 920
824 879
834 840
836 893
840 909
840 975
859 962
868 883
868 982
869 892
875 927
895 914
902 961
909 981
918 990
925 958
933 982
958 992
969 994
