5000 9996
0 2
0 6
0 7
0 11
0 34
0 37
0 45
0 60
0 72
0 80
0 87
0 92
0 98
0 116
0 140
0 166
0 171
0 262
0 265
0 276
0 309
0 325
0 326
0 361
0 402
0 403
0 409
0 415
0 454
0 530
0 550
0 564
0 577
0 615
0 623
0 660
0 666
0 765
0 950
0 1036
0 1090
0 1151
0 1210
0 1222
0 1240
0 1393
0 1527
0 1542
0 1554
0 1589
0 1608
0 1640
0 1676
0 1677
0 1685
0 1718
0 1740
0 1753
0 1759
0 1828
0 1847
0 1902
0 1929
0 1966
0 1972
0 1992
0 2023
0 2043
0 2049
0 2065
0 2125
0 2312
0 2444
0 2462
0 2546
0 2558
0 2655
0 2657
0 2701
0 2758
0 2764
0 2769
0 2775
0 2836
0 2932
0 2989
0 3003
0 3042
0 3288
0 3349
0 3455
0 3523
0 3592
0 3650
0 3685
0 3737
0 3758
0 3778
0 3878
0 3912
0 3945
0 3949
0 3994
0 4236
0 4240
0 4292
0 4313
0 4506
0 4524
0 4525
0 4601
0 4636
0 4693
0 4761
0 4807
0 4867
0 4887
0 4981
1 2
1 3
1 22
1 56
1 70
1 171
1 189
1 200
1 221
1 223
1 439
1 460
1 513
1 605
1 633
1 1354
1 1412
1 1587
1 1730
1 2274
1 2404
1 2480
1 2489
1 2779
1 3081
1 3120
1 3167
1 3489
1 3536
1 3604
1 3793
1 4503
2 3
2 4
2 5
2 8
2 9
2 11
2 14
2 17
2 21
2 24
2 25
2 27
2 29
2 34
2 35
2 37
2 40
2 41
2 46
2 47
2 48
2 62
2 63
2 66
2 75
2 85
2 91
2 97
2 102
2 103
2 108
2 130
2 133
2 142
2 152
2 154
2 164
2 168
2 170
2 180
2 197
2 213
2 217
2 237
2 245
2 254
2 255
2 276
2 342
2 361
2 368
2 382
2 385
2 434
2 461
2 479
2 481
2 511
2 523
2 529
2 555
2 566
2 583
2 588
2 595
2 601
2 606
2 632
2 635
2 640
2 642
2 657
2 684
2 695
2 734
2 754
2 769
2 779
2 786
2 797
2 830
2 855
2 862
2 869
2 875
2 888
2 890
2 897
2 904
2 927
2 981
2 989
2 992
2 999
2 1004
2 1008
2 1019
2 1023
2 1029
2 1145
2 1153
2 1175
2 1194
2 1197
2 1225
2 1320
2 1330
2 1348
2 1362
2 1364
2 1397
2 1405
2 1433
2 1487
2 1494
2 1509
2 1546
2 1547
2 1556
2 1566
2 1591
2 1600
2 1615
2 1664
2 1671
2 1701
2 1743
2 1762
2 1779
2 1784
2 1790
2 1795
2 1799
2 1827
2 1884
2 1895
2 1947
2 1973
2 1975
2 1976
2 1994
2 2047
2 2093
2 2158
2 2170
2 2184
2 2299
2 2370
2 2423
2 2442
2 2447
2 2478
2 2481
2 2527
2 2550
2 2588
2 2678
2 2702
2 2800
2 2836
2 2849
2 2856
2 2884
2 2969
2 3056
2 3060
2 3144
2 3184
2 3201
2 3246
2 3321
2 3431
2 3506
2 3537
2 3573
2 3594
2 3656
2 3713
2 3770
2 3785
2 3799
2 3803
2 3810
2 3908
2 4173
2 4216
2 4252
2 4278
2 4333
2 4346
2 4404
2 4617
2 4837
2 4883
2 4893
2 4919
2 4967
2 4994
3 4
3 5
3 6
3 7
3 9
3 10
3 13
3 14
3 17
3 18
3 20
3 26
3 28
3 30
3 40
3 42
3 68
3 76
3 77
3 87
3 96
3 115
3 118
3 131
3 137
3 159
3 163
3 166
3 178
3 188
3 198
3 204
3 207
3 209
3 212
3 239
3 248
3 249
3 261
3 263
3 269
3 274
3 277
3 292
3 315
3 376
3 393
3 413
3 420
3 431
3 437
3 474
3 491
3 534
3 536
3 542
3 548
3 561
3 569
3 587
3 602
3 631
3 650
3 757
3 773
3 781
3 788
3 801
3 806
3 841
3 850
3 852
3 860
3 939
3 1009
3 1033
3 1039
3 1092
3 1094
3 1104
3 1142
3 1182
3 1193
3 1230
3 1241
3 1280
3 1415
3 1422
3 1455
3 1581
3 1582
3 1637
3 1662
3 1692
3 1747
3 1810
3 1826
3 1847
3 1948
3 1962
3 2073
3 2105
3 2115
3 2149
3 2223
3 2241
3 2277
3 2290
3 2324
3 2346
3 2363
3 2364
3 2437
3 2477
3 2492
3 2493
3 2648
3 2699
3 2703
3 2755
3 2766
3 2773
3 2827
3 2895
3 2962
3 3105
3 3167
3 3268
3 3317
3 3357
3 3459
3 3463
3 3480
3 3557
3 3575
3 3623
3 3693
3 3897
3 3972
3 3987
3 4005
3 4131
3 4140
3 4191
3 4267
3 4315
3 4354
3 4465
3 4523
3 4534
3 4563
3 4590
3 4595
3 4666
3 4783
3 4853
3 4997
4 19
4 58
4 73
4 99
4 175
4 231
4 324
4 386
4 451
4 599
4 665
4 753
4 1130
4 1142
4 1199
4 1246
4 1369
4 1429
4 1452
4 1526
4 1581
4 1607
4 1681
4 1697
4 1907
4 1927
4 2322
4 2393
4 2623
4 2653
4 2669
4 2938
4 3410
4 3475
4 3616
4 3643
4 3706
4 4151
4 4225
4 4386
4 4435
4 4575
4 4596
5 13
5 90
5 104
5 220
5 380
5 429
5 504
5 711
5 785
5 807
5 936
5 975
5 1161
5 1445
5 1468
5 1656
5 1784
5 2738
5 4004
5 4050
5 4675
6 8
6 10
6 12
6 15
6 16
6 20
6 24
6 33
6 53
6 55
6 66
6 79
6 84
6 86
6 94
6 95
6 119
6 143
6 152
6 155
6 158
6 162
6 173
6 188
6 202
6 281
6 298
6 330
6 335
6 344
6 345
6 366
6 378
6 386
6 389
6 436
6 462
6 546
6 562
6 579
6 603
6 639
6 671
6 692
6 708
6 779
6 811
6 840
6 891
6 895
6 964
6 965
6 969
6 1062
6 1078
6 1154
6 1182
6 1226
6 1265
6 1310
6 1343
6 1418
6 1563
6 1593
6 1641
6 1648
6 1650
6 1702
6 1726
6 1738
6 1750
6 1752
6 1782
6 1816
6 1822
6 1876
6 1989
6 2039
6 2173
6 2175
6 2194
6 2209
6 2302
6 2306
6 2327
6 2387
6 2407
6 2422
6 2525
6 2562
6 2566
6 2783
6 2784
6 2809
6 2949
6 3009
6 3019
6 3062
6 3076
6 3102
6 3233
6 3258
6 3289
6 3342
6 3412
6 3465
6 3541
6 3759
6 3875
6 3907
6 3933
6 3966
6 4014
6 4041
6 4207
6 4222
6 4297
6 4341
6 4450
6 4531
6 4631
6 4846
7 16
7 29
7 55
7 91
7 95
7 127
7 130
7 517
7 519
7 547
7 780
7 881
7 1015
7 1055
7 1103
7 1934
7 1982
7 2101
7 2181
7 2339
7 2686
7 3226
7 3236
7 3301
7 3606
7 4167
7 4212
7 4552
8 23
8 60
8 105
8 300
8 312
8 503
8 571
8 899
8 1107
8 1425
8 1608
8 1954
8 2542
8 4007
9 12
9 38
9 50
9 74
9 98
9 149
9 170
9 272
9 392
9 440
9 470
9 495
9 608
9 822
9 1098
9 1188
9 1232
9 1233
9 1242
9 1281
9 1352
9 1908
9 2022
9 2180
9 2202
9 2264
9 2375
9 2690
9 2807
9 2963
9 3655
9 4279
9 4579
9 4593
10 15
10 172
10 224
10 225
10 442
10 685
10 791
10 867
10 873
10 938
10 1575
10 1592
10 1976
10 1978
10 2303
10 2649
10 3114
10 3415
10 3633
10 3659
10 3749
10 3833
10 4770
11 71
11 112
11 126
11 192
11 242
11 663
11 664
11 668
11 776
11 1534
11 1647
11 2647
11 4005
11 4828
11 4961
12 25
12 44
12 45
12 58
12 64
12 65
12 75
12 96
12 99
12 153
12 168
12 169
12 179
12 182
12 189
12 195
12 201
12 256
12 319
12 468
12 592
12 614
12 647
12 680
12 712
12 735
12 817
12 821
12 826
12 842
12 843
12 876
12 898
12 935
12 994
12 1047
12 1081
12 1140
12 1157
12 1166
12 1184
12 1211
12 1285
12 1334
12 1376
12 1378
12 1504
12 1604
12 1618
12 1735
12 1892
12 1940
12 2019
12 2035
12 2135
12 2334
12 2457
12 2468
12 2490
12 2556
12 2586
12 2833
12 2918
12 3091
12 3224
12 3266
12 3394
12 3442
12 3901
12 4024
12 4061
12 4083
12 4133
12 4559
12 4624
12 4670
12 4712
13 18
13 32
13 184
13 253
13 1304
13 1525
13 2086
13 2273
13 2361
13 2782
13 2896
13 4085
13 4361
13 4642
14 19
14 30
14 51
14 52
14 135
14 174
14 244
14 259
14 296
14 339
14 626
14 649
14 650
14 651
14 701
14 1109
14 1148
14 1179
14 1238
14 1281
14 1343
14 1398
14 1423
14 1443
14 1516
14 1521
14 1548
14 1568
14 1771
14 1949
14 1982
14 2120
14 2459
14 2583
14 2667
14 2801
14 3263
14 3978
14 4121
14 4256
14 4437
14 4442
14 4559
14 4662
14 4703
14 4872
15 42
15 176
15 315
15 362
15 500
15 520
15 559
15 693
15 911
15 964
15 1314
15 1488
15 1958
15 2163
15 2260
15 2357
15 2429
15 2547
15 2603
15 2783
15 2951
15 3374
15 4118
15 4142
15 4289
15 4702
15 4775
16 27
16 36
16 69
16 161
16 203
16 211
16 217
16 230
16 257
16 340
16 348
16 402
16 421
16 490
16 563
16 687
16 688
16 750
16 790
16 801
16 834
16 883
16 963
16 988
16 1217
16 1380
16 1402
16 1407
16 1619
16 1820
16 1850
16 1868
16 1933
16 1960
16 1987
16 2070
16 2074
16 2203
16 2219
16 2354
16 2363
16 2528
16 2620
16 2737
16 3044
16 3158
16 3470
16 3482
16 3560
16 3624
16 3634
16 3665
16 3976
16 4165
16 4190
16 4219
16 4248
16 4282
16 4285
16 4324
16 4507
16 4580
16 4781
17 39
17 84
17 88
17 120
17 242
17 424
17 818
17 901
17 924
17 974
17 996
17 1186
17 1284
17 1325
17 1485
17 1556
17 1666
17 2187
17 2196
17 2397
17 2549
17 2610
17 2920
17 3117
17 3295
17 3354
17 3809
17 4561
17 4563
17 4609
18 21
18 28
18 54
18 115
18 316
18 328
18 372
18 375
18 471
18 618
18 628
18 1108
18 1116
18 1163
18 1240
18 2128
18 2195
18 2221
18 2660
18 3034
18 3064
18 3210
18 3289
18 3488
18 3717
18 3802
18 3891
18 4064
18 4129
18 4301
18 4430
19 23
19 106
19 169
19 394
19 423
19 517
19 803
19 1059
19 1540
19 1925
19 2090
19 2152
19 2472
19 3039
19 3101
19 3620
19 4075
19 4434
20 22
20 81
20 389
20 684
20 1158
20 3600
20 4409
20 4925
21 26
21 31
21 38
21 46
21 50
21 52
21 67
21 142
21 156
21 160
21 164
21 178
21 187
21 191
21 225
21 238
21 308
21 309
21 314
21 332
21 345
21 392
21 405
21 467
21 493
21 494
21 506
21 527
21 593
21 833
21 890
21 900
21 1045
21 1099
21 1105
21 1116
21 1141
21 1195
21 1334
21 1372
21 1393
21 1609
21 1710
21 1744
21 1797
21 1849
21 1897
21 1931
21 1986
21 1995
21 2015
21 2085
21 2285
21 2433
21 2445
21 2458
21 2506
21 2571
21 2700
21 2828
21 2833
21 2899
21 3133
21 3147
21 3159
21 3425
21 3568
21 4043
21 4074
21 4143
21 4359
21 4613
21 4884
21 4932
22 33
22 116
22 159
22 206
22 230
22 435
22 502
22 568
22 654
22 657
22 1089
22 1198
22 1307
22 1467
22 1562
22 2117
22 2453
22 3280
22 3517
22 3955
22 4006
22 4153
22 4300
22 4678
22 4782
22 4834
23 70
23 109
23 219
23 289
23 317
23 1051
23 2911
23 3503
23 4890
23 4973
24 39
24 48
24 148
24 210
24 330
24 415
24 873
24 937
24 2689
24 3163
24 3853
24 4831
24 4832
25 31
25 102
25 229
25 277
25 676
25 783
25 968
25 1049
25 1555
25 1922
25 1988
25 1998
25 2182
25 2311
25 3485
25 4026
25 4936
26 54
26 57
26 101
26 151
26 196
26 409
26 448
26 702
26 1212
26 1236
26 1412
26 1497
26 1739
26 1821
26 1834
26 2171
26 2796
26 2832
26 2904
26 2907
26 2962
26 3136
26 3453
26 3570
26 3614
26 3810
26 4217
26 4228
27 56
27 111
27 493
27 531
27 707
27 844
27 922
27 970
27 980
27 1096
27 1380
27 1419
27 1727
27 2262
27 2339
27 2447
27 2562
27 2668
27 3469
27 3834
27 3858
28 35
28 68
28 200
28 213
28 323
28 343
28 730
28 1235
28 1486
28 1659
28 1772
28 2404
28 2933
28 3280
28 3948
28 3960
28 4585
28 4605
28 4697
29 108
29 147
29 216
29 235
29 238
29 271
29 370
29 379
29 770
29 840
29 967
29 1317
29 1431
29 1769
29 2568
29 2834
29 3088
29 3235
29 3239
29 3374
29 3593
29 3596
29 3674
29 3995
29 4184
29 4483
29 4763
30 32
30 43
30 72
30 106
30 117
30 198
30 214
30 286
30 316
30 341
30 385
30 396
30 484
30 727
30 783
30 880
30 1333
30 1518
30 1538
30 1811
30 1885
30 1912
30 1974
30 2107
30 2123
30 2900
30 3851
30 3864
30 4050
30 4102
30 4122
30 4355
30 4521
30 4761
30 4948
31 129
31 295
31 560
31 827
31 836
31 893
31 1071
31 1136
31 1223
31 1345
31 1506
31 3192
31 4164
31 4179
31 4551
32 57
32 111
32 114
32 146
32 205
32 260
32 434
32 516
32 544
32 628
32 674
32 796
32 906
32 942
32 979
32 1056
32 1162
32 1209
32 1220
32 1450
32 1493
32 1543
32 1703
32 1725
32 1729
32 1886
32 2063
32 2092
32 2443
32 2767
32 2805
32 2827
32 2934
32 3237
32 3521
32 4122
32 4201
32 4321
32 4513
32 4514
32 4669
32 4706
33 36
33 51
33 218
33 284
33 430
33 584
33 598
33 819
33 914
33 925
33 991
33 1092
33 1712
33 1898
33 2259
33 2596
33 2628
33 2747
33 3191
33 3437
33 3558
33 3979
33 4101
33 4286
33 4339
33 4469
34 269
35 86
35 679
35 867
35 868
35 1177
35 1747
35 1909
35 2206
35 2389
35 2591
35 2766
35 2860
35 3806
35 4000
35 4161
35 4760
36 49
36 61
36 78
36 80
36 150
36 191
36 260
36 306
36 310
36 798
36 914
36 1223
36 1285
36 1295
36 1439
36 1584
36 1654
36 1660
36 1741
36 1815
36 2224
36 2276
36 2287
36 2326
36 2413
36 2841
36 3035
36 3036
36 3196
36 3769
36 3900
36 3927
36 4220
36 4823
36 4894
37 145
37 158
37 184
37 300
37 401
37 465
37 614
37 638
37 880
37 897
37 966
37 977
37 1283
37 1505
37 1628
37 2012
37 2048
37 2211
37 2277
37 2289
37 2305
37 2648
37 3067
37 3606
37 3926
37 4519
38 89
38 128
38 162
38 194
38 222
38 231
38 346
38 406
38 477
38 530
38 604
38 629
38 895
38 1115
38 1141
38 1150
38 1548
38 1597
38 1708
38 1724
38 1880
38 1978
38 2169
38 2263
38 2377
38 3333
38 3586
38 3855
38 4061
38 4260
39 47
39 89
39 124
39 140
39 195
39 209
39 282
39 466
39 518
39 795
39 919
39 1007
39 1066
39 1134
39 1311
39 1398
39 1449
39 1529
39 1682
39 1704
39 1820
39 2060
39 2181
39 2453
39 2529
39 3001
39 3061
39 3108
39 3323
39 3579
39 3932
39 4796
40 41
40 146
40 155
40 156
40 211
40 374
40 455
40 461
40 467
40 485
40 624
40 913
40 993
40 1102
40 1213
40 1533
40 1685
40 1717
40 2287
40 2341
40 2487
40 2523
40 2586
40 2818
40 3276
40 3639
40 3836
40 4099
41 49
41 63
41 1026
41 1144
41 1391
41 1731
41 2578
41 2955
41 4959
42 43
42 53
42 101
42 109
42 132
42 302
42 413
42 551
42 612
42 774
42 1378
42 1781
42 1908
42 2351
42 2722
42 3690
42 3876
42 4120
43 44
43 100
43 234
43 717
43 2141
43 2374
43 2671
43 2791
43 2793
43 2850
43 3859
43 4208
44 62
44 119
44 154
44 177
44 228
44 237
44 249
44 451
44 499
44 572
44 661
44 775
44 778
44 1007
44 1024
44 1041
44 1414
44 1480
44 1635
44 2009
44 2065
44 2104
44 2121
44 2269
44 2292
44 2349
44 2351
44 2398
44 2549
44 3111
44 3225
44 3577
44 4365
44 4377
44 4390
44 4454
45 113
45 181
45 199
45 1210
45 1963
45 2256
45 4779
46 64
46 190
46 263
46 275
46 1083
46 1388
46 1468
46 1595
46 1671
46 1788
46 1803
46 1806
46 2133
46 2148
46 2188
46 2213
46 2284
46 3370
46 3620
46 3784
46 3923
46 4239
46 4422
46 4577
46 4747
46 4881
47 1253
47 3826
47 3988
48 77
48 79
48 216
48 373
48 416
48 658
48 720
48 892
48 909
48 1371
48 1450
48 2233
48 2539
48 2768
48 2845
48 3160
48 3208
48 3396
48 3487
48 3869
48 4722
48 4809
48 4875
49 67
49 378
49 506
49 609
49 667
49 886
49 926
49 1134
49 1318
49 1464
49 1926
49 2176
49 2361
49 2548
49 3055
49 3504
49 3593
49 3717
49 4018
49 4181
50 246
50 507
50 1848
50 3550
51 69
51 71
51 122
51 281
51 326
51 358
51 483
51 512
51 577
51 803
51 1050
51 1197
51 1385
51 1793
51 2005
51 2403
51 2500
51 3086
51 3327
51 3531
51 3854
51 4384
51 4619
51 4861
52 291
52 294
52 590
52 1374
52 1403
52 1411
52 1709
52 2004
52 2239
52 3448
52 3995
52 4041
52 4229
53 121
53 132
53 205
53 258
53 477
53 690
53 1003
53 1272
53 1848
53 1953
53 2252
53 2356
53 2380
53 3186
53 3925
53 4105
54 59
54 61
54 579
54 985
54 2194
54 2643
54 3386
54 3403
54 3670
54 3751
54 3967
55 122
55 891
55 1241
55 2359
55 3678
56 241
56 310
56 459
56 480
56 1408
56 1446
56 2469
56 2907
56 3515
56 4077
57 76
57 362
57 398
57 729
57 773
57 816
57 842
57 882
57 944
57 1131
57 1349
57 1614
57 1688
57 1852
57 1893
57 3347
57 3472
57 3862
57 4185
57 4338
57 4632
57 4957
58 59
58 94
58 125
58 161
58 202
58 233
58 234
58 475
58 487
58 536
58 568
58 643
58 726
58 768
58 810
58 955
58 983
58 1000
58 1015
58 1117
58 1232
58 1270
58 1453
58 1604
58 1636
58 1675
58 1677
58 1727
58 1785
58 1911
58 1918
58 2268
58 2315
58 2340
58 2450
58 2623
58 2775
58 3094
58 3384
58 4030
58 4037
58 4445
58 4587
58 4820
58 4903
58 4958
59 88
59 97
59 107
59 114
59 163
59 199
59 224
59 381
59 419
59 426
59 489
59 510
59 753
59 762
59 817
59 884
59 963
59 1162
59 1271
59 1277
59 1344
59 1435
59 1620
59 1842
59 2244
59 2307
59 2451
59 2470
59 2550
59 2831
59 2866
59 3034
59 3040
59 3533
59 3734
59 4352
59 4629
59 4792
60 90
60 92
60 149
60 250
60 268
60 327
60 537
60 545
60 583
60 1025
60 2414
60 2456
60 2472
60 2679
60 2971
60 3019
60 3022
61 320
61 777
61 813
61 1329
61 3301
62 107
62 131
62 138
62 226
62 371
62 397
62 611
62 681
62 745
62 911
62 958
62 1139
62 1353
62 1561
62 2079
62 2599
62 2795
62 2870
62 4400
62 4827
63 105
63 558
63 611
63 1175
63 1373
63 1696
63 2162
63 2189
63 2238
64 65
64 74
64 83
64 85
64 133
64 138
64 150
64 222
64 334
64 359
64 453
64 523
64 535
64 598
64 626
64 636
64 737
64 739
64 788
64 889
64 902
64 904
64 1639
64 1719
64 1814
64 1878
64 1959
64 2015
64 2264
64 2574
64 2778
64 3176
64 3407
64 4127
64 4786
65 153
65 208
65 417
65 603
65 696
65 1941
65 2159
65 2929
65 3346
65 3371
65 3897
65 3942
65 4171
65 4370
65 4382
65 4510
65 4805
65 4863
65 4986
66 81
66 511
66 564
66 746
66 1267
66 1357
66 1924
66 2144
66 2597
66 3320
66 3417
66 4234
66 4491
67 125
67 482
67 1887
67 2278
67 2910
67 2937
67 3825
68 151
68 251
68 771
68 794
68 1901
68 2765
68 2857
68 3788
68 4449
68 4871
69 82
69 807
69 2919
69 3260
70 104
70 498
70 1443
70 3377
70 4079
70 4555
70 4690
71 172
71 266
71 305
71 432
71 669
71 721
71 905
71 926
71 945
71 962
71 1090
71 1444
71 1626
71 1680
71 1800
71 1808
71 2158
71 2318
71 2368
71 2451
71 2516
71 2559
71 2612
71 2724
71 2791
71 3692
71 3925
71 4135
72 73
72 223
72 283
72 364
72 384
72 395
72 518
72 600
72 1069
72 1075
72 1174
72 1264
72 1610
72 1714
72 1859
72 2510
72 2707
72 3468
72 3547
72 3577
72 3619
72 4120
72 4725
73 307
73 1185
73 1728
73 2103
73 2594
73 3718
74 83
74 139
74 177
74 227
74 645
74 767
74 909
74 1503
74 1530
74 1840
74 1925
74 2024
74 3456
74 4390
74 4532
74 4614
75 126
75 157
75 192
75 206
75 214
75 295
75 331
75 335
75 351
75 431
75 441
75 445
75 478
75 838
75 849
75 864
75 879
75 896
75 1036
75 1300
75 2207
75 2309
75 2375
75 2745
75 4278
75 4280
75 4306
75 4352
75 4485
75 4522
75 4905
76 78
76 82
76 137
76 212
76 279
76 342
76 449
76 464
76 522
76 571
76 683
76 725
76 1017
76 1624
76 1721
76 1938
76 1983
76 2001
76 2239
76 2933
76 3739
76 4060
76 4112
76 4116
76 4353
76 4420
76 4444
77 135
77 368
77 893
77 1436
77 1545
77 1956
77 2581
77 2742
77 2820
77 3765
77 4236
77 4413
77 4906
78 120
78 201
78 307
78 325
78 396
78 764
78 800
78 808
78 952
78 1047
78 1264
78 1278
78 1407
78 1943
78 2077
78 2137
78 2460
78 2498
78 2557
78 2637
78 2649
78 2674
78 2824
78 3018
78 3181
78 3292
78 3395
78 3673
78 3809
78 4108
78 4117
78 4280
78 4645
78 4835
79 136
79 273
79 1222
79 1267
79 2611
80 288
80 321
80 447
80 458
80 469
80 686
80 1018
80 1261
80 1446
80 1537
80 1922
80 2462
80 2499
80 3065
80 3241
80 3824
80 4053
80 4834
80 4888
81 112
81 124
81 235
81 254
81 268
81 301
81 346
81 711
81 816
81 902
81 996
81 1066
81 1205
81 1308
81 1852
81 2278
81 2308
81 2534
81 2999
81 3051
81 3097
81 3539
81 3761
81 3839
82 103
82 127
82 136
82 160
82 380
82 644
82 828
82 947
82 1093
82 1420
82 1694
82 1768
82 2134
82 2205
82 2335
82 2501
82 2876
82 2923
82 3483
82 3563
82 3807
82 4317
82 4442
82 4930
83 388
83 584
83 743
83 1679
83 2521
83 2905
83 4999
84 100
84 236
84 288
84 305
84 595
84 675
84 683
84 885
84 1052
84 1456
84 1798
84 1857
84 2709
84 3101
84 3118
84 3188
84 3724
85 322
85 372
85 435
85 447
85 456
85 492
85 497
85 547
85 798
85 962
85 1030
85 1078
85 1328
85 1355
85 1502
85 1576
85 1804
85 2083
85 2127
85 3366
85 3459
85 3488
85 3494
85 3595
85 3656
85 3729
85 4032
85 4463
85 4691
85 4730
85 4866
86 286
86 351
86 764
86 1656
86 1829
86 4495
86 4588
86 4815
87 220
87 324
87 359
87 620
87 875
87 1253
87 1335
87 1363
87 1531
87 1579
87 1896
87 4182
87 4405
87 4453
87 4568
87 4908
87 4940
88 329
88 498
88 629
88 923
88 1005
88 1087
88 2297
88 2921
89 93
89 144
89 460
89 646
89 1118
89 1338
89 1366
89 1642
89 1846
89 2036
89 2240
89 2456
89 2673
89 2908
89 2927
89 4125
90 390
90 1204
90 1874
90 1943
90 2185
90 2482
90 3864
90 4261
91 123
91 134
91 227
91 364
91 596
91 606
91 687
91 832
91 851
91 857
91 1188
91 1298
91 1338
91 1359
91 1406
91 1619
91 1649
91 1711
91 2379
91 2475
91 2639
91 2646
91 3100
91 3304
91 3493
91 3813
91 4102
92 93
92 117
92 165
92 167
92 186
92 204
92 416
92 725
92 804
92 833
92 847
92 1038
92 1132
92 1260
92 1414
92 1539
92 1721
92 1926
92 1980
92 2009
92 2257
92 2286
92 2437
92 2479
92 2641
92 3195
92 3518
92 3564
92 3742
92 3941
92 4054
92 4495
92 4660
92 4877
92 4879
92 4935
92 4983
93 733
93 3622
93 4290
94 876
94 2298
94 3134
95 208
95 257
95 363
95 751
95 847
95 1011
95 2189
95 4048
95 4718
96 270
96 298
96 524
96 2291
96 2813
96 3720
96 4741
97 128
97 145
97 203
97 256
97 297
97 352
97 391
97 538
97 572
97 695
97 884
97 1139
97 1148
97 1183
97 1323
97 1333
97 1507
97 1744
97 1783
97 1971
97 2089
97 2419
97 2582
97 3175
97 3293
97 3308
97 3704
97 4141
97 4205
98 757
98 2114
98 2395
98 3750
98 4681
100 118
100 141
100 180
100 236
100 246
100 291
100 399
100 408
100 557
100 637
100 655
100 805
100 827
100 982
100 1000
100 1012
100 1110
100 1189
100 1219
100 1302
100 1437
100 1929
100 2008
100 2290
100 2382
100 2777
100 2915
100 3234
100 3324
100 3361
100 3663
100 3759
100 3853
100 3958
100 4100
100 4560
100 4784
100 4866
101 183
101 428
101 1610
101 1622
101 2457
101 2802
102 143
102 253
102 296
102 303
102 433
102 594
102 930
102 1331
102 1561
102 1844
102 2371
103 123
103 228
103 292
103 314
103 323
103 339
103 404
103 489
103 653
103 746
103 822
103 886
103 961
103 991
103 1091
103 1111
103 1208
103 1216
103 1373
103 1553
103 2174
103 2304
103 2336
103 2388
103 2739
103 2756
103 2925
103 2947
103 3142
103 3489
103 3844
103 4576
103 4968
104 181
104 719
104 1146
104 1438
104 2684
104 2901
104 3261
104 3409
104 4138
104 4487
105 110
105 226
105 410
105 497
105 505
105 541
105 680
105 689
105 696
105 710
105 907
105 952
105 1165
105 1231
105 1292
105 1626
105 1881
105 1971
105 2212
105 2364
105 2620
105 2636
105 2698
105 2740
105 3011
105 3069
105 3231
105 3414
105 3982
105 4537
105 4803
105 4904
107 121
107 218
107 379
107 393
107 3246
108 110
108 113
108 157
108 355
108 754
108 1067
108 1770
108 1894
108 2926
108 2961
108 3162
108 3297
108 4740
108 4925
109 700
109 2683
110 376
110 557
110 589
110 781
110 1839
110 3927
110 4637
110 4729
110 4789
110 4955
111 129
111 856
111 923
111 1261
111 1514
111 1765
111 3050
111 3524
111 3956
111 4597
112 407
112 1149
112 1172
112 2579
112 3444
112 4094
112 4113
113 255
113 274
113 1750
113 2442
113 2989
113 4146
114 141
114 148
114 845
114 1070
114 1180
114 1221
114 1622
114 1989
114 2731
114 3408
114 3635
115 240
115 289
115 586
115 758
115 777
115 1271
115 1552
115 1601
115 1756
115 1836
115 2077
115 3644
115 3708
115 3932
115 4089
115 4245
115 4366
115 4460
116 173
116 247
116 646
116 1424
116 2644
116 3068
116 3085
116 3104
116 3138
116 3375
116 4351
117 193
117 280
117 706
117 1723
117 1983
117 2137
117 3503
118 601
118 789
118 1715
118 2004
118 3672
118 4384
119 736
119 4748
119 4991
120 186
120 278
120 371
120 705
120 778
120 784
120 972
120 1413
120 1456
120 1794
120 1886
120 2187
120 3535
120 3559
120 3726
120 4080
120 4616
120 4923
121 1646
121 2046
121 3271
121 3733
121 4570
122 1853
122 2138
122 2184
122 2736
122 3129
123 182
123 183
123 1251
123 4910
124 134
124 306
124 338
124 353
124 466
124 484
124 576
124 731
124 2872
124 2885
124 4896
125 175
125 1999
126 165
126 262
126 789
126 1314
126 2587
126 3479
126 4203
127 144
127 167
127 697
127 866
127 1004
127 1101
127 1706
127 2463
127 4095
127 4623
128 741
128 1565
128 1700
128 1783
128 1965
128 2130
128 2521
128 2555
128 3463
128 4457
128 4623
129 1415
129 2622
129 3822
129 4525
130 463
131 350
131 2369
132 185
132 332
132 812
132 1167
132 2725
132 3559
132 3762
132 4325
132 4692
133 261
133 397
133 426
133 496
133 548
133 656
133 1074
133 1236
133 1401
133 1733
133 1777
133 1964
133 2502
133 2585
133 2712
133 2733
133 2858
133 3379
133 3397
133 3672
133 4367
133 4589
133 4781
133 4979
134 318
134 408
134 645
134 1072
134 1779
134 2005
134 2129
134 2213
134 2255
134 2847
134 4391
134 4819
134 4828
134 4872
134 4897
135 2018
135 4470
136 139
136 176
136 239
136 265
136 995
136 1636
136 2057
136 2078
136 4230
136 4571
137 147
137 190
137 1584
137 2059
137 2289
137 2826
137 2889
137 4019
137 4921
138 293
138 690
138 955
138 1502
138 1578
138 1917
138 2177
138 2216
138 2256
138 2878
138 2883
138 3016
138 3341
138 3520
138 3798
138 4387
139 207
139 491
139 943
139 1472
139 1639
139 1788
139 2061
139 2449
139 2467
139 2901
139 3068
139 3319
139 3397
139 4420
139 4888
140 2635
140 4902
141 232
141 264
141 358
141 957
141 1479
141 2164
141 2211
141 2310
141 2899
141 4613
142 233
142 395
142 449
142 559
142 855
142 971
142 976
142 1085
142 1164
142 1201
142 1250
142 1812
142 2097
142 2970
142 3565
142 4133
142 4258
143 299
143 383
143 728
143 1389
143 1551
143 1624
143 2533
143 2657
143 2912
143 3583
143 3589
143 3746
143 4111
144 333
144 422
144 560
144 597
144 1013
144 1022
144 1026
144 1552
144 1594
144 1838
144 1927
144 1941
144 2532
144 2715
144 3091
144 3207
144 4175
144 4198
144 4549
144 4663
145 383
145 463
145 1176
145 1490
145 1591
145 1766
145 2357
145 2810
145 2940
145 3328
145 4179
145 4202
145 4311
145 4328
146 599
146 1033
146 2427
147 287
147 318
147 341
147 492
147 587
147 740
147 804
147 1018
147 1367
147 1464
147 1587
147 1629
147 1643
147 1892
147 2978
147 3038
147 3679
147 4031
147 4301
147 4365
148 187
148 1068
148 3378
148 3856
149 471
149 627
149 1558
149 2566
149 3112
150 360
150 509
150 1149
150 1200
150 1449
150 4447
151 391
151 474
151 714
153 194
153 336
153 920
153 2165
153 3392
154 1212
154 3155
154 3314
154 3832
155 179
155 248
155 327
155 525
155 588
155 756
155 2051
155 4583
156 607
156 3056
156 3314
156 3514
157 284
157 438
157 760
157 1006
157 1981
157 3533
158 215
158 400
158 741
158 1282
158 1394
158 1445
158 2590
158 3790
158 4414
159 185
159 250
159 423
159 1696
159 1733
159 1923
159 2669
159 2678
159 2946
159 3255
159 4951
160 221
160 347
160 433
160 445
160 534
160 713
160 1052
160 1272
160 3081
160 4265
160 4346
160 4794
161 287
161 313
161 333
161 356
161 521
161 566
161 596
161 718
161 913
161 1046
161 1077
161 1118
161 1155
161 1863
161 1987
161 2325
161 2638
161 2924
161 2959
161 3235
161 3445
161 3664
161 3868
161 4001
161 4482
162 174
162 343
162 480
162 659
162 665
162 818
162 825
162 894
162 938
162 1165
162 1447
162 1491
162 2031
162 2057
162 2108
162 2489
162 2973
162 3249
162 3259
162 3495
162 3505
162 3775
162 4448
162 4616
163 1946
163 2237
163 2991
163 3165
163 3923
164 732
164 1586
164 1683
164 1692
164 3363
164 3378
164 3452
165 241
165 1001
165 1245
165 2026
165 2030
165 2226
165 2402
165 2688
165 2894
166 432
166 444
167 457
167 793
167 1140
167 2164
167 2694
167 2748
167 3186
167 3767
168 259
168 429
168 685
168 800
168 1187
168 1966
168 2346
168 4276
168 4833
169 1396
170 196
170 245
170 515
170 719
170 1032
170 3722
171 334
171 1720
171 4052
171 4072
171 4255
171 4291
172 948
172 1580
172 2394
172 4187
173 540
173 771
173 780
173 922
173 1505
173 1875
173 1932
173 1991
173 2136
173 3738
173 4231
173 4443
173 4498
174 3787
175 2402
175 4227
176 304
176 366
176 505
176 729
176 835
176 1060
176 1291
176 1313
176 1511
176 1637
176 1913
176 2024
176 2054
176 2381
176 2384
176 2981
176 3610
176 3877
176 3943
176 3993
176 4323
177 1436
177 2028
177 2906
177 2983
177 3097
178 193
178 215
178 549
178 1384
178 1865
178 2460
178 2631
178 4369
179 377
179 679
179 959
179 1200
179 2273
179 3480
179 3801
179 4035
179 4526
179 4633
179 4857
180 197
180 210
180 240
180 589
180 910
180 1106
180 1618
180 2315
180 4927
181 468
181 1030
181 1081
181 2466
181 3055
181 4732
182 578
182 652
182 1031
182 1531
182 3432
182 3568
182 4410
183 258
183 593
183 1107
183 1442
183 1684
183 2332
183 2714
183 2965
183 3269
183 3885
184 1474
184 1896
184 2261
184 2386
184 4159
185 653
185 656
185 960
185 987
185 1021
185 2268
185 3740
186 617
186 4356
186 4507
186 4710
186 4942
187 252
187 311
187 744
187 1301
187 1958
187 2325
187 3474
187 3616
188 308
188 1012
188 1294
188 1583
188 1625
188 2167
188 2433
188 2674
188 3023
188 4284
188 4862
189 1310
189 2823
189 2960
189 3709
190 271
190 756
190 899
190 1037
190 1244
190 2097
190 2272
190 2626
190 4450
191 787
191 1860
192 940
193 1020
193 1590
193 1630
193 2944
193 3406
194 661
194 691
194 1390
194 1586
194 2183
194 2193
194 2421
194 4132
195 814
195 1179
195 1663
195 2128
196 266
197 297
197 354
197 482
197 717
197 1500
197 1833
197 3462
198 365
198 616
198 670
198 958
198 997
198 1189
198 1220
198 1340
198 1406
198 2432
198 2441
198 3269
198 3618
198 3628
198 4376
198 4403
199 1736
199 1935
199 2071
199 2180
199 3468
199 4286
199 4375
200 279
200 328
200 369
200 738
200 766
200 981
200 986
200 1028
200 1159
200 1567
200 1651
200 1705
200 1910
200 2208
200 2336
200 2372
200 2408
200 2446
200 3234
200 3399
200 3741
201 283
201 585
201 2435
201 4772
202 2513
202 2595
202 2897
202 3507
202 4314
202 4937
203 1451
203 2358
203 3682
205 252
205 290
205 488
205 538
205 639
205 734
205 944
205 1040
205 1072
205 1328
205 1385
205 1534
205 2955
205 3037
205 3265
205 3332
205 4847
206 440
206 528
206 2204
206 2617
206 3366
206 3803
207 282
207 348
207 382
207 441
207 622
207 903
207 1652
207 1730
207 1762
207 1802
207 2242
207 2511
207 2829
207 3016
207 3668
207 3686
207 4295
207 4556
207 4581
207 4927
208 285
208 294
208 299
208 662
208 776
208 811
208 861
208 1132
208 1358
208 1417
208 1428
208 1439
208 1716
208 1860
208 2423
208 2520
208 2943
208 3079
208 3174
208 3222
208 3424
208 4546
209 352
209 649
209 755
209 1616
209 2141
209 2439
209 3353
209 3523
209 3645
209 3831
209 4066
209 4630
209 4848
209 4909
210 229
210 243
210 264
210 303
210 716
210 813
210 1108
210 1185
210 1277
210 1713
210 2076
210 3502
211 219
211 404
211 456
211 481
211 592
211 630
211 866
211 1517
211 1537
211 2916
211 3184
211 3660
211 3704
211 4680
211 4767
212 311
212 1043
212 1105
212 1298
212 1650
212 2191
212 3902
212 4097
212 4717
213 1016
213 4023
214 953
214 1418
214 1469
214 2243
214 3395
214 3905
214 4527
214 4876
215 437
215 929
215 1437
215 1597
215 4188
216 978
216 1135
216 2432
217 278
217 452
217 546
217 567
217 591
217 607
217 1311
217 1368
217 1748
217 1774
217 2230
217 2350
217 3219
217 3667
217 3882
217 4436
217 4867
218 275
218 367
218 501
218 531
218 682
218 2114
218 2136
218 3364
218 4744
220 244
220 321
220 347
220 360
220 1128
220 2975
220 3689
221 273
221 512
221 610
221 802
221 1085
221 1089
221 1284
221 1326
221 1506
221 1914
221 1942
221 2214
221 3498
221 4172
221 4916
221 4980
222 421
222 454
222 823
222 1064
222 1282
222 1545
222 2274
222 2717
222 4049
223 1122
223 1522
223 1754
223 3096
223 4946
224 2405
224 3131
224 4379
225 267
225 344
225 412
225 452
225 479
225 634
225 758
225 1056
225 1312
225 1658
225 1719
225 1831
225 2132
225 2231
225 2406
225 2495
225 2726
225 2952
225 3031
225 4127
225 4245
225 4446
225 4472
226 1170
226 1248
226 2003
226 2222
226 2518
226 3026
226 3107
226 4655
226 4960
227 353
227 3930
227 4000
228 600
228 749
228 1203
228 1259
228 1515
228 1631
228 1985
228 2732
228 2774
228 3197
228 4540
229 425
229 490
229 863
229 982
229 1670
229 2769
230 232
230 414
230 542
230 565
230 619
230 733
230 1086
230 1641
230 1846
230 2344
230 3119
230 4164
230 4823
231 2863
231 4637
232 647
232 2700
232 3335
233 293
233 686
233 705
233 1136
233 1317
233 1938
233 2251
233 3429
233 3612
233 3622
233 3794
234 1535
234 3277
234 4299
234 4461
235 363
235 475
235 1034
235 1634
235 4316
236 301
236 450
236 488
236 533
236 825
236 858
236 1363
236 1687
236 3040
236 3833
236 3957
237 594
237 828
237 832
237 1065
237 1427
237 1799
238 398
238 425
238 483
238 859
238 1011
238 1758
238 2889
238 3002
238 3194
238 3752
238 3755
238 4196
238 4454
238 4597
239 724
239 1567
239 1743
239 2888
239 3936
239 4776
240 569
241 947
242 243
242 247
242 251
242 349
242 356
242 411
242 428
242 608
242 748
242 846
242 1022
242 1035
242 1325
242 1386
242 1490
242 1662
242 1824
242 1850
242 2106
242 2659
242 2680
242 2894
242 3742
242 3829
242 4340
242 4510
242 4515
242 4749
242 4862
242 4974
243 677
243 1079
243 1225
243 3327
243 4868
244 270
244 1361
244 2266
244 2613
244 3990
244 4031
245 357
245 966
245 1154
245 2031
245 2661
245 3008
245 3550
245 3887
245 4345
245 4539
245 4767
246 1780
246 2130
246 2959
247 1178
247 2443
247 3698
247 3732
248 1399
248 2606
248 3242
248 4744
249 370
249 723
249 1059
249 1518
249 1849
249 2344
249 2547
249 2809
249 2859
249 3057
249 3386
249 4745
249 4778
249 4800
249 4873
250 1356
250 1829
250 2220
250 2835
250 4084
251 267
251 942
252 317
252 418
252 1368
253 1549
254 350
254 516
254 1856
254 1967
254 2014
254 2505
254 2507
255 863
255 3004
255 3270
255 3937
255 4859
256 290
256 1021
256 1350
256 2792
256 3095
256 3406
256 4232
257 272
257 1213
257 1315
257 1428
257 1640
257 2111
257 2367
257 2488
257 2677
257 2734
257 4788
258 337
258 3014
258 3566
258 4110
258 4722
259 419
259 576
259 703
259 987
259 2103
259 2519
259 2693
259 2890
259 3087
259 3529
260 424
260 554
260 597
260 700
260 740
260 1655
260 1773
260 1946
260 2016
260 2628
260 4578
260 4700
261 387
261 782
261 1029
261 1114
261 1248
261 3893
261 4401
262 442
262 472
262 496
262 621
262 766
262 900
262 1098
262 1243
262 1259
262 1318
263 304
263 504
263 582
263 1099
263 1121
263 1202
263 1902
263 2392
263 2763
263 3103
263 3344
263 3716
263 4364
263 4455
264 285
264 322
264 354
264 374
264 552
264 915
264 1381
264 2037
264 2356
264 2842
264 2850
264 3048
264 4069
264 4153
264 4226
264 4312
264 4586
264 4723
264 4793
264 4933
264 4980
265 313
265 1221
265 1453
265 1575
265 1667
265 1883
265 2672
266 1176
267 678
267 2266
267 3368
267 4596
268 280
268 331
268 410
268 543
268 551
268 617
268 928
268 1126
268 1249
268 1339
268 1488
268 1520
268 1596
268 1742
268 2881
268 2920
268 2930
268 3816
268 4380
269 949
269 2507
269 2663
269 3913
269 4517
270 810
270 2614
270 4893
271 1974
271 2957
271 4464
271 4489
272 406
272 494
272 747
272 1027
272 1129
272 2331
272 2401
272 2497
272 2679
272 2939
272 3115
272 3565
272 4095
272 4294
272 4789
273 302
273 554
273 562
273 1150
273 2430
273 3122
273 4688
273 4860
275 329
275 337
275 543
275 544
275 1724
275 2001
275 2119
275 2248
275 2583
275 3079
275 3675
275 4627
276 582
276 716
276 874
276 915
276 933
276 1005
276 1170
276 1381
276 1473
276 3308
276 3581
276 4643
277 476
277 1042
277 1652
277 2720
278 400
278 2877
278 3211
279 312
279 573
279 616
279 815
279 959
279 1122
279 1479
279 1526
279 1921
279 2199
279 2333
279 3251
279 3629
279 3831
279 3914
279 3969
279 4051
279 4065
280 319
280 500
280 609
280 907
280 1171
280 2626
280 2906
280 3005
280 4166
280 4554
281 799
281 2348
281 3658
282 1611
282 2040
282 3242
282 3389
282 3630
282 4825
283 450
283 3726
284 610
284 660
284 769
284 1045
284 1304
284 1474
284 2150
284 2471
284 2874
284 4171
285 2227
285 3921
286 698
286 1076
286 1286
286 1288
286 1383
287 669
287 953
287 1698
287 3017
287 3172
287 3389
287 4274
288 585
288 673
288 1688
288 4409
288 4479
288 4490
289 3532
290 581
290 1299
290 1457
290 1459
290 3411
291 768
291 990
291 1073
291 1239
291 1741
291 2428
291 2654
291 3870
291 4582
292 3112
293 839
293 2007
293 3295
294 824
294 1354
294 1755
294 1867
294 2503
294 2770
294 4326
294 4784
295 570
295 1024
295 1228
295 1365
295 1495
295 1574
295 1792
295 2882
295 2996
295 3189
295 3427
295 3491
295 3549
295 3938
296 436
296 623
296 1293
296 1801
296 2631
296 2751
296 3134
296 4070
297 375
297 394
297 446
297 533
297 535
297 715
297 744
297 2218
297 3804
297 3963
297 4647
298 613
298 2299
299 761
299 1543
299 1793
299 3857
299 4252
300 336
300 529
300 580
300 782
300 2151
300 2161
300 2192
300 2512
300 2556
300 3053
300 3083
300 3928
301 573
301 1032
301 3692
301 3756
302 1570
302 2873
303 455
303 2708
304 763
304 1063
304 3403
304 4305
304 4543
304 4755
305 320
305 387
305 513
305 1496
305 2170
305 2426
305 2496
305 3791
306 767
306 1421
306 1613
307 699
307 1101
307 1206
307 1540
307 2349
307 3262
308 495
308 502
308 507
308 917
308 3181
308 3649
308 4617
308 4836
309 369
309 478
309 939
309 1014
309 2844
309 3684
310 619
310 642
310 1171
310 1327
310 1559
310 2710
310 2937
310 3329
310 3404
310 3510
310 3588
310 3934
310 4642
310 4983
311 399
311 1801
311 1854
311 4180
312 724
312 1465
312 3996
312 4146
312 4740
313 464
313 750
313 937
313 1001
313 1335
313 1350
313 1588
313 2360
313 2567
313 3409
313 3505
313 4558
313 4562
313 4850
314 448
314 1025
314 1509
314 1842
314 2198
314 2673
314 3279
314 4354
314 4653
315 390
315 520
315 865
315 931
315 1274
315 1603
315 2263
315 2367
315 2776
315 3460
315 3962
315 4011
315 4012
315 4184
316 430
317 2060
317 2381
317 3783
317 3855
317 4675
318 1752
318 1774
318 3070
319 340
319 1257
319 1266
319 1951
320 349
320 462
320 526
320 590
320 651
320 870
320 1146
320 3546
320 3782
320 4223
320 4726
321 401
321 641
321 814
321 998
321 2536
321 3338
321 4425
322 655
322 676
322 694
322 738
322 912
322 1038
322 1573
322 1651
322 1959
322 2576
322 3197
322 3457
322 3911
322 4654
323 355
323 634
323 1088
323 1802
323 1890
323 3213
324 929
324 1542
324 1841
324 1950
324 2122
324 4218
325 365
325 1555
326 476
326 675
326 1023
326 1416
326 1830
326 2067
326 2166
326 2765
326 2871
326 3725
326 4481
328 338
328 550
328 648
328 715
328 864
328 1316
328 1930
328 2110
328 3896
328 3902
328 4276
328 4842
329 2483
329 3401
330 357
330 453
330 519
330 2186
330 2976
330 3037
330 3179
330 4382
330 4412
330 4896
332 631
332 1823
332 2748
332 2792
332 4290
333 373
333 522
333 826
333 1198
333 1276
333 1948
333 2335
333 2474
333 2702
333 2752
333 3165
333 3420
333 3693
333 3765
333 4411
333 4964
334 367
334 486
334 2520
335 539
335 674
335 1665
335 1749
335 3003
336 469
336 472
336 532
336 1131
336 1434
336 1737
336 2412
336 2553
336 3837
337 2411
338 418
338 422
338 443
338 1087
338 1438
338 2196
338 3303
338 3968
338 4103
338 4336
339 742
339 1069
339 1331
339 1475
339 2033
339 3315
339 3710
339 4158
341 633
341 752
341 3422
342 707
342 1290
343 558
343 1055
343 3558
343 4310
344 806
344 1227
344 1399
344 1404
344 1657
344 1906
344 2830
344 3451
344 4762
345 381
345 485
345 632
345 1365
345 1585
345 2125
345 2555
345 2662
345 2745
345 3438
345 3861
345 4433
345 4630
346 1396
346 1740
346 2396
346 2735
346 3302
346 3318
346 4491
347 384
347 412
347 509
347 755
347 1057
347 1382
347 1441
347 1497
347 1598
347 1621
347 1831
347 2179
347 2416
347 2824
347 3381
347 3578
347 3668
347 4341
347 4898
347 4938
348 667
348 1031
348 3028
348 3598
348 4045
351 377
351 580
351 673
351 743
351 1672
351 2010
351 2023
351 2068
351 3876
351 4026
352 487
352 526
352 1830
352 2526
352 3020
354 3183
355 405
355 414
355 1156
355 1252
355 1297
355 1319
355 1391
355 2974
355 4273
355 4366
355 4738
355 4968
356 540
356 1053
356 3989
356 4504
357 1392
357 1557
357 2096
357 4589
358 1113
358 1577
359 748
359 1324
359 3808
359 4835
360 1168
361 797
361 994
361 1602
361 1782
361 2210
361 2369
361 2528
361 2558
361 4259
362 1322
362 2749
362 4488
362 4844
363 388
363 457
363 648
363 2368
363 3124
363 4066
363 4931
365 586
365 2243
365 2515
365 2581
367 499
367 3352
368 403
368 439
368 556
368 604
368 638
368 681
368 988
368 1748
368 1780
368 2041
368 3002
368 3337
368 3360
368 3566
368 3648
368 4012
368 4386
368 4475
368 4997
369 473
370 794
370 921
370 1746
370 2723
370 2998
370 3021
370 3669
370 4941
371 515
371 553
371 1516
371 2228
371 2560
371 2759
371 4505
372 605
372 772
372 795
372 2428
372 2968
372 3545
373 1803
373 2260
373 3168
373 3882
374 4054
375 1469
375 1776
375 2818
375 3731
375 3852
376 819
376 1442
376 1887
376 3218
376 4757
376 4773
377 503
377 3145
379 443
379 1781
379 2551
379 3940
380 427
380 698
380 852
380 2011
380 2725
380 2980
380 3133
380 3363
380 4147
381 528
381 736
381 785
381 1362
381 1485
381 1589
381 2721
381 4028
382 2928
382 3467
382 4327
383 615
383 693
383 3834
384 556
384 613
384 858
384 924
384 1058
384 1112
384 1135
384 2485
384 2502
384 2911
384 3305
384 3447
384 4803
385 703
385 763
385 1945
385 2376
385 2982
385 4383
386 1856
386 2539
386 2761
386 3054
386 3863
386 4734
387 427
387 848
387 865
387 973
387 1054
387 1496
387 2608
388 3412
388 4945
389 417
389 664
389 2300
389 4292
390 747
390 1423
390 1808
390 3595
390 4144
391 853
391 2997
392 411
392 968
392 1273
392 1863
392 3110
392 3779
393 407
393 637
393 912
393 1095
393 1275
393 4704
393 4852
394 470
394 514
394 749
394 1737
394 1907
394 2201
394 2721
394 3307
394 3539
394 3637
394 3639
394 3785
394 3929
394 4662
394 4824
396 699
396 1260
396 3713
396 4849
397 539
398 872
398 4993
399 1119
399 1592
399 4898
401 578
401 1010
401 3033
401 3772
401 3955
401 4093
401 4604
402 4225
403 1239
404 662
404 709
404 784
404 853
404 1572
404 1800
404 1826
404 2393
404 2662
404 3029
404 3268
404 3316
404 3352
404 3706
405 1473
405 1568
405 2855
405 4139
406 446
406 1173
406 4218
407 3007
408 630
408 1477
408 1871
408 2008
408 2203
408 2892
408 3146
408 3437
409 565
409 1113
409 2044
409 2070
409 2316
409 2436
410 555
410 561
410 1866
410 2300
410 4529
411 1207
411 4562
412 567
412 641
412 837
412 4337
412 4772
413 694
413 1370
413 1530
413 1595
413 1751
413 2078
413 2182
413 2573
413 3072
413 4075
415 420
416 706
416 2055
416 2168
416 3149
418 525
418 1835
418 2822
418 3782
418 4402
419 682
419 1164
419 1521
419 1576
419 2411
419 3009
419 3700
420 2101
420 3093
421 894
421 3243
421 4542
422 3518
422 3547
422 3917
424 508
424 652
424 4615
425 473
425 545
425 552
425 722
425 1049
425 1287
425 1409
425 1478
425 2071
425 2309
425 2718
425 3359
425 4033
425 4686
425 4714
426 823
427 672
427 973
427 998
427 4765
428 849
428 1326
428 3687
428 4830
429 1133
429 1571
429 3977
429 4096
429 4344
429 4460
430 1459
430 2250
431 678
431 2156
431 2618
431 2633
432 486
432 1404
432 1940
432 2523
432 2596
432 3373
433 438
433 1332
433 2174
433 3653
433 3959
434 510
434 625
434 671
434 720
434 1205
434 1732
434 2441
434 2574
434 2737
434 4243
435 444
435 501
436 458
436 459
436 3666
436 4001
436 4503
437 2421
438 1043
438 1410
438 1944
438 2146
439 1127
439 1520
439 1578
439 1693
439 1763
439 2570
439 3635
440 2773
440 3348
441 553
441 1121
441 2430
441 4169
441 4948
442 846
442 2564
442 2860
442 3216
443 1369
443 2760
444 2276
444 2429
444 2525
444 2714
444 3166
444 3555
445 532
445 636
445 688
445 1082
445 1355
445 1367
445 1471
445 1702
445 3350
445 3702
445 3901
445 4858
446 524
446 854
446 885
446 934
446 2229
446 2826
446 3111
446 3931
447 3151
447 3587
448 1073
448 2979
448 4428
450 709
450 916
450 980
450 1644
450 3334
451 1434
451 1949
451 2347
451 3783
451 4497
451 4808
451 4889
452 978
453 644
453 887
453 3735
455 465
455 2512
455 3020
455 3039
455 3214
456 879
456 1097
457 514
457 936
457 2772
457 3113
457 3484
457 3817
457 4147
457 4945
458 874
458 957
458 1068
458 1270
458 2043
458 2241
458 4766
458 4820
459 2774
460 575
460 901
460 1360
460 2635
460 3209
460 3423
460 3844
460 4841
462 1658
463 541
463 1114
463 1353
463 1984
463 4113
464 2656
464 2929
465 713
465 824
465 1558
466 2420
466 4209
467 624
467 2021
467 2294
467 2719
467 4056
467 4869
468 908
468 967
468 1332
468 2524
468 3829
468 4721
468 4975
469 1123
469 1980
469 3342
469 3841
469 3967
469 4092
470 1013
470 4016
471 848
471 954
471 1133
471 1678
471 2869
471 3045
472 570
472 1037
472 1776
472 1990
472 2469
474 508
474 1263
474 1432
474 2328
474 2518
474 3382
474 4073
475 1356
475 2307
475 2407
475 2981
475 2991
475 4152
476 762
476 1996
476 2020
476 2770
477 2972
477 3444
478 1231
478 1657
478 2197
478 2787
478 3382
478 3477
478 4639
478 4932
479 4855
480 521
480 792
480 839
480 920
480 1194
480 1199
480 1389
480 2062
480 2293
480 2646
480 2779
480 2841
480 3140
480 3168
480 3207
480 3286
480 3323
480 3402
480 3428
481 739
481 1352
481 2548
481 4103
481 4104
481 4213
482 527
482 537
482 1125
482 1237
482 2259
482 3899
482 4009
482 4464
483 1451
483 1614
483 3089
484 775
484 1080
484 1181
484 1319
484 1375
484 1532
484 1539
484 2238
484 2543
484 3636
484 3767
484 4013
485 1237
485 1309
485 1408
485 2225
485 2650
485 4083
485 4139
485 4537
485 4807
488 1152
488 1734
488 1954
488 3800
488 4731
489 704
489 2191
490 704
490 881
490 3110
490 3496
490 4358
491 949
491 1100
491 1508
491 3825
492 620
492 4956
493 591
493 735
493 805
493 916
493 990
493 1196
493 2675
493 3400
493 3567
493 4250
493 4624
494 1621
494 1760
494 3859
495 3365
496 549
496 820
496 2503
496 3763
497 737
497 4793
500 3838
500 4545
502 2169
502 2692
502 2855
502 4699
504 1498
504 2167
504 2217
505 829
505 1386
505 3084
505 3251
505 3276
505 3632
505 4124
505 4189
505 4748
505 4978
506 654
506 1564
506 3466
507 1193
507 1920
507 2676
507 3623
507 4532
508 786
508 977
508 1020
508 1034
508 1262
508 2050
508 2311
508 2893
508 4267
510 1207
510 1944
510 3367
511 1715
511 3682
512 1476
512 1560
512 1699
512 3521
513 575
513 702
513 1196
513 1791
513 3117
513 3298
513 4931
514 986
514 1569
514 3802
514 3832
514 4148
514 4859
515 3737
516 666
516 1218
516 2240
516 2559
516 2898
516 4840
517 1600
517 1864
517 2698
517 3806
517 4627
518 742
518 774
518 809
518 908
518 1203
518 1704
518 1777
518 2155
518 2622
518 2663
518 2696
518 3355
518 3413
518 3683
518 3707
518 3775
518 4119
520 3667
521 2602
521 4206
522 618
522 627
522 3537
524 1466
524 2267
525 830
525 831
525 951
525 961
525 2010
526 835
526 1605
526 2584
527 951
527 1156
527 1364
527 1701
527 2782
527 3573
528 563
528 1357
528 1942
528 2220
528 3174
528 4156
530 659
530 946
530 1219
530 1279
530 2455
530 2463
530 2804
530 3477
530 4535
531 581
531 1083
531 1251
531 2034
531 2448
531 2686
531 3946
531 4104
531 4359
532 1287
532 1767
532 2269
532 2397
532 2501
532 3087
532 3288
532 3418
532 3946
532 4649
534 3680
535 710
535 1324
535 2045
535 2327
535 2680
535 4209
535 4653
537 1217
537 1226
537 1840
537 1969
537 2224
537 2403
537 2797
537 4130
537 4247
537 4962
538 689
538 1204
538 3092
538 4364
539 809
541 989
542 1117
542 1123
542 1341
542 1577
542 1796
542 2312
542 2491
542 2837
542 3240
542 3435
543 602
543 622
543 663
543 692
543 820
543 1915
543 2027
543 2488
543 2853
543 3160
543 4439
543 4443
543 4730
544 862
544 1128
544 4734
545 701
545 872
545 1084
545 1670
545 3989
545 4302
545 4496
546 1764
546 4631
547 621
547 728
547 752
547 2003
547 3429
547 4182
547 4246
548 1718
548 2075
548 2178
548 2903
548 3049
549 877
549 878
549 1269
549 1321
549 1881
549 2815
550 1157
550 1492
550 2022
550 3542
551 1054
551 1208
551 4509
552 3328
552 3712
552 3719
552 4174
552 4580
552 4694
552 4735
553 574
553 1302
553 2172
553 2401
553 2825
554 2538
554 3138
554 4074
554 4268
555 3102
557 1027
557 1470
557 1672
557 2347
557 2935
557 3219
557 3258
557 3497
557 3548
557 4658
558 1110
558 2569
558 3012
559 2998
559 4222
560 995
560 1720
560 2685
561 697
561 1499
561 1723
561 2320
561 2638
561 2704
561 2834
561 3255
561 4737
562 1041
562 1181
562 2384
562 2610
562 3320
562 3631
562 4607
563 940
563 3830
563 4046
563 4990
564 574
564 759
564 1019
564 1274
564 1893
564 1988
564 2025
564 2440
564 3036
565 1675
565 1992
565 3715
565 3801
565 3821
565 3918
565 4818
566 1832
566 2151
566 3250
567 1255
568 1064
568 1192
568 2445
568 2956
569 1911
569 2254
570 1003
570 1006
570 1106
570 1411
570 2113
570 2190
570 3695
571 1573
571 2171
572 871
572 1184
572 1722
572 1810
572 2002
572 2096
572 2246
572 4970
573 2053
573 2147
573 2608
573 2806
573 4979
574 712
574 1014
574 1383
574 1519
574 1665
574 3000
574 3125
574 3584
577 625
577 2030
577 3423
577 3590
577 4492
579 2967
579 3047
579 3911
580 2873
580 4044
581 718
581 1659
581 1835
581 2282
581 4405
582 3464
583 888
583 1837
583 3784
583 4029
583 4149
584 723
584 905
584 1138
584 2283
584 3384
586 943
587 612
587 668
587 1347
587 3141
588 670
588 919
589 808
592 1086
592 1582
592 2382
593 1632
595 2815
595 2905
595 3880
596 635
596 1390
596 1937
596 3630
596 4892
597 2303
598 917
598 1173
598 2531
598 4186
599 1040
600 640
601 3795
601 3799
601 4183
601 4350
602 731
602 1372
602 1977
602 1984
602 2178
602 2966
602 3090
602 3241
602 4068
602 4132
602 4914
604 1340
604 1823
604 2019
604 2321
604 3099
604 3457
604 4069
605 1079
605 1144
605 1851
605 4086
605 4636
608 815
608 1483
608 2616
608 3052
608 3977
609 1358
609 2496
610 4466
611 979
612 643
612 910
612 2820
612 2958
612 3974
612 4726
613 1077
613 1233
613 2222
613 3130
613 4042
614 730
614 759
614 948
614 1158
614 1845
614 3243
614 3300
614 4393
614 4708
614 4863
615 722
616 838
616 1430
616 3343
618 765
618 4038
618 4044
619 1864
619 4337
620 2470
620 4577
621 921
621 928
621 1327
621 1771
621 2317
621 3317
621 4249
622 691
623 2545
624 2084
625 4313
625 4406
626 751
626 799
626 1010
626 1088
626 1147
626 1422
626 2789
626 3085
627 903
627 1913
627 2142
628 1002
628 2105
628 2565
628 2715
628 3387
628 4202
630 841
630 1861
630 2896
630 3618
631 1549
631 2235
631 3076
632 2066
632 2910
632 2941
632 3385
632 3797
632 3886
633 843
633 1243
633 1513
633 2481
633 3151
635 708
635 732
635 1103
635 1458
635 1738
635 1814
635 2233
635 2706
635 3629
635 4755
636 1249
636 3730
637 918
637 1256
637 1620
637 2977
637 3116
637 4109
639 658
639 1699
639 1827
639 2744
639 4987
640 3421
641 946
641 1244
641 2056
642 2882
642 3604
643 672
643 770
643 2160
643 3481
643 3973
644 896
644 1016
644 1151
644 2100
644 3325
644 3747
644 3919
644 3961
644 3980
644 4062
645 2157
645 4763
646 1057
647 1623
647 2379
648 1403
648 1834
649 1388
649 1510
649 1646
649 1903
649 2671
649 3005
649 3121
649 4466
650 1296
650 1470
650 1477
650 3698
651 933
651 4667
652 1689
653 727
653 1541
654 1687
655 1997
657 1566
657 4889
658 956
660 721
660 1634
660 1754
660 1769
660 4473
662 677
662 844
662 859
662 984
662 1344
662 1766
662 3216
662 3247
662 3349
662 4165
662 4762
662 4778
664 861
664 1008
664 2728
664 4078
664 4213
665 856
665 3755
666 1466
666 2383
666 2478
666 2540
666 3572
667 1053
667 1097
667 1168
667 1603
667 1678
667 1975
667 2215
667 2753
667 2819
667 3010
667 3063
667 3599
667 3645
667 3661
667 4451
667 4752
667 4900
667 4924
667 4943
668 4003
668 4682
669 1544
669 1853
669 1931
669 2439
669 2532
669 4295
670 1431
670 3851
670 3947
671 787
671 997
671 1255
671 1778
671 1807
671 3157
671 3998
671 4227
672 1187
674 2091
674 2106
674 2867
674 3106
675 854
675 1048
675 1770
675 3073
676 1111
676 2420
676 2761
677 2272
677 4111
678 1076
678 1936
678 3330
679 1837
679 2829
679 3891
679 4269
680 1916
680 2778
680 3088
680 4754
681 2247
681 3587
682 1463
682 1647
682 4854
683 3282
684 889
684 1525
684 3077
685 726
685 831
685 1679
685 1694
685 2080
685 2212
685 2331
685 2579
685 3780
686 1757
686 2957
686 3082
686 3472
686 4883
687 868
687 1405
687 1885
687 2353
687 3150
687 3680
687 4082
687 4144
687 4305
688 1732
688 2659
688 3917
689 1145
689 2038
689 2654
689 2940
689 3048
689 3178
689 3545
689 4049
690 1100
690 1230
690 1409
690 1612
690 3712
690 3764
690 3866
690 3957
691 2805
692 941
692 1951
692 4288
693 965
693 1873
693 2014
693 4758
694 791
694 932
694 1227
694 2280
694 2352
694 3904
694 4611
694 4851
695 4435
696 1347
696 1361
696 2318
696 2879
697 1303
698 793
698 960
698 2275
699 821
699 2085
699 2088
699 3032
700 714
700 812
700 906
700 2039
700 2069
700 4080
700 4422
701 792
701 877
701 878
701 1234
701 3027
701 3224
701 3757
702 837
702 1316
702 1993
702 2670
702 2843
702 3185
702 3850
702 4538
703 883
703 1426
703 2708
703 2958
704 869
704 1749
704 1805
704 2506
704 3721
704 4098
704 4203
704 4646
705 745
705 857
705 3552
705 4266
707 760
707 1454
707 4431
708 1512
709 1265
709 1761
709 2109
709 2527
709 2552
709 2701
709 2760
709 4214
709 4318
709 4926
711 1191
711 1862
711 2323
711 3954
711 4564
711 4814
715 898
715 2173
717 850
717 887
717 1093
717 2495
717 4764
718 999
718 2651
718 2916
718 3032
718 3156
718 3963
719 4351
719 4480
720 1126
720 2157
720 2378
722 1071
722 2017
722 2282
722 2961
722 3148
722 3277
722 3509
722 3517
722 3838
722 4799
723 1611
723 4552
724 2102
725 3396
726 1246
726 1785
726 1818
726 1967
727 761
727 2517
728 1228
728 2020
728 4188
728 4332
729 954
729 1924
729 2383
729 2580
729 2861
729 3254
729 3944
729 4349
730 2281
731 1841
731 2740
731 4097
732 2785
733 2490
734 2209
735 796
735 1765
735 2466
735 2605
735 4483
736 4486
736 4875
738 2252
738 3390
738 4110
739 1242
739 4320
740 1429
740 1455
740 4952
742 1130
742 1761
742 2002
742 3283
742 3400
743 1426
743 1930
743 3793
744 851
744 1300
744 2123
744 2875
744 3750
744 4263
744 4277
745 829
745 1583
745 2994
746 1288
746 3152
748 1035
748 1096
748 1161
748 1178
748 1374
748 1513
748 1527
748 2218
748 2319
748 2365
748 2431
748 2561
748 3229
748 3402
748 3625
748 4185
748 4590
749 3670
750 1655
750 2425
750 2545
750 3332
750 4193
750 4303
751 1091
751 1289
751 1475
751 4137
752 3113
752 3449
753 772
753 1476
753 1729
753 2319
753 2800
753 3035
753 4625
754 969
754 1112
754 1321
754 2734
754 2932
754 2975
754 3690
754 4626
755 2601
755 3440
755 3873
755 4794
756 3238
757 3073
757 4152
757 4541
757 4679
758 802
758 1462
758 2976
758 2987
758 3122
758 4633
759 790
759 2398
759 2576
759 3077
759 3128
759 3434
759 4934
760 2597
761 1876
762 2248
763 2813
764 2200
764 3548
764 3913
765 2508
765 4954
767 2688
767 3583
767 4183
768 1433
768 1977
769 1416
770 927
770 2058
770 3596
770 3981
770 4810
771 3135
771 4976
772 1042
772 1489
772 1535
772 1964
772 2436
772 4274
773 2491
773 3968
773 4141
774 2609
775 970
775 2029
777 1060
777 1125
777 4858
778 1224
778 1329
778 1503
778 2083
778 3023
778 3874
778 4661
779 2825
780 1082
780 1160
780 1669
780 2438
781 2886
782 1190
784 1209
784 1832
784 3398
786 3049
786 4806
787 836
787 1129
787 1206
787 2492
787 2575
787 3142
787 3554
788 950
788 1395
788 2034
788 2780
788 3425
788 3646
789 870
789 1342
789 3154
789 3287
789 3290
789 3296
790 892
790 1048
790 1245
790 1454
790 4449
791 1435
791 1822
792 3563
792 4373
793 2751
794 1430
794 2695
794 3691
794 4335
794 4445
795 1714
796 834
796 1645
796 2480
796 3070
796 3367
797 1674
797 1798
797 2570
797 3058
798 2438
799 2053
799 3348
799 3484
800 2497
801 4434
801 4913
802 3252
803 1166
803 2041
803 2632
803 2823
803 3535
803 3924
804 4008
806 1341
806 1998
806 3557
806 3939
806 4573
807 1294
807 2308
807 3192
807 3515
808 1937
808 2234
808 2832
808 3062
810 2258
812 1884
812 2394
812 3837
812 4895
813 2553
813 4452
815 1384
815 4028
816 1046
816 1601
816 2780
816 2898
816 3530
816 3736
817 1420
817 1522
817 3603
819 941
819 2006
820 1348
820 2058
820 3356
820 4381
821 1143
821 1309
821 1345
821 1648
821 1680
821 2013
821 2261
821 2587
822 932
822 3069
822 3860
822 4224
822 4322
824 2509
824 2600
824 3734
826 2917
826 4065
826 4379
827 4467
828 1120
828 1257
828 1305
828 3872
828 4723
829 2542
830 845
830 2613
830 3194
830 3299
830 3822
830 4166
831 1137
831 1147
831 2476
831 2881
831 4499
833 2666
833 3937
833 4760
835 925
835 1524
835 2621
836 1532
836 1897
836 2129
836 3075
837 1211
837 1945
837 2793
837 4864
839 871
839 983
839 2099
839 2126
839 2538
840 860
840 4027
840 4397
841 992
841 2415
841 2607
842 2230
842 3433
842 4753
843 1017
843 1058
843 1104
843 1160
843 1283
843 1645
843 1668
843 1693
843 1716
843 1889
843 1979
843 2119
843 2515
843 2974
843 3054
843 3193
843 3215
843 3335
843 3490
843 3773
843 4221
843 4750
844 1981
844 2029
844 2279
844 2564
844 3446
845 1825
845 2395
845 3662
848 1299
848 2066
848 3196
848 4126
849 4268
850 1330
850 1544
850 1919
850 3883
850 4821
851 2340
851 2350
851 4057
851 4373
852 3696
852 3795
852 4989
853 971
853 1137
853 1461
853 1955
853 2046
853 3262
853 3553
853 4230
853 4484
853 4717
854 1481
855 956
855 1028
855 1044
855 1448
855 2040
855 2713
855 3060
855 3254
855 3543
855 3602
855 3677
855 3816
855 4692
856 1605
856 2332
856 2814
856 3422
856 3732
858 984
859 934
861 2140
861 2280
861 3261
861 4204
862 1563
862 1890
862 2000
862 3215
863 945
863 1663
863 1870
863 1932
863 2535
863 2872
863 3582
863 3796
864 1695
864 4417
865 882
865 1238
866 1536
866 2754
866 2777
867 2890
868 1009
868 3597
868 4471
869 4978
870 2229
870 3158
870 4362
871 4547
872 985
872 2640
872 2742
872 3220
872 4072
872 4796
872 4855
873 2056
873 3453
873 3621
874 1337
874 1968
874 2838
874 3538
874 4023
876 2580
876 4018
876 4389
878 1065
879 1190
879 1201
879 1870
879 2692
879 2909
879 3305
879 3373
879 4277
881 1039
882 2145
884 918
884 974
884 3481
884 3525
884 3534
885 1305
885 2645
885 3065
886 1075
886 1290
886 1905
886 2253
886 2992
886 3041
887 1377
887 1550
887 2493
887 3245
887 3264
889 3078
890 1155
890 1366
890 1686
892 930
892 2091
892 2536
892 3450
892 3845
892 3938
893 1599
893 4293
893 4742
894 1904
894 3223
894 4002
894 4720
895 1482
895 1528
895 2794
895 3358
895 3498
895 4307
895 4970
897 1143
897 1291
897 1632
897 1957
897 2122
897 3411
897 3513
897 3638
898 931
898 2887
898 3157
900 1067
900 1501
900 1613
900 1813
900 1905
900 2142
900 3701
900 3763
900 4327
900 4957
901 2875
902 1235
902 1351
902 2668
902 2838
902 2914
902 3237
902 3727
902 4732
902 4944
904 1120
904 1279
904 1511
904 1882
904 1919
904 3907
904 4388
904 4408
904 4478
904 4648
904 4695
904 4986
905 1044
905 1050
905 2154
905 2963
906 2585
906 4802
909 1360
910 1152
910 2304
910 2389
910 2627
910 3843
910 4567
911 1950
911 3012
911 4039
911 4259
911 4911
912 993
912 2236
912 2697
912 4063
912 4315
912 4963
913 1458
914 1836
914 2682
915 1713
916 1275
916 1533
916 2081
916 2448
917 1689
918 972
918 1504
918 4699
920 975
920 3601
921 1301
921 3300
922 1278
922 2281
922 3006
924 1855
924 4453
925 1872
926 935
926 1441
926 4448
927 976
927 1991
927 2412
927 2927
927 4272
927 4615
928 1697
928 2653
928 3495
929 2455
929 3161
929 4343
929 4406
931 3728
932 1214
932 2093
932 2416
932 2814
932 3666
933 1346
933 1816
933 2044
933 3956
933 4020
934 1163
934 1234
934 3578
935 1115
936 1888
937 1499
937 4644
938 3554
938 3626
939 1268
939 1536
939 1686
939 2210
939 2329
939 2494
939 2923
939 3143
939 4340
940 3094
940 4728
942 1440
942 2032
943 3074
943 4904
944 1421
944 3080
944 4679
945 1102
945 1346
945 1376
945 1447
945 1484
945 1760
945 1872
945 1878
945 2270
945 2293
945 2537
945 2943
945 2966
945 3881
945 3887
945 3904
945 4242
945 4514
945 4593
945 4884
946 1094
946 1119
946 1256
946 1709
946 2400
947 1062
947 1167
947 2275
948 1792
948 3771
949 1002
949 1286
949 1809
950 1095
950 1707
950 2666
950 3951
950 4082
951 1425
951 1627
951 1717
951 1745
951 1862
952 1773
953 2689
953 2996
953 4052
954 1080
954 2102
954 2531
954 3205
954 3798
954 3889
954 4123
954 4478
955 3391
955 4482
956 2618
956 3609
956 4270
957 1268
957 4648
958 3270
959 1051
959 1192
960 2298
962 1215
962 2444
962 2625
962 3013
963 1494
963 3031
964 1229
964 1813
964 2016
964 3105
964 3183
965 1195
965 2984
965 3461
966 1159
966 1682
966 2802
967 1191
967 2095
967 4419
968 1074
968 2524
968 3419
968 3843
968 3991
969 1293
969 4502
970 2330
970 2424
970 3198
971 2483
971 3214
972 1588
972 2253
972 2391
972 3992
972 4138
973 1667
973 4098
974 1572
974 2831
974 4084
974 4414
975 2208
975 3024
976 1590
976 4465
977 4922
977 4972
978 1638
978 2345
978 3013
980 1843
980 3497
981 1180
981 4353
981 4992
983 2047
983 2345
983 2377
984 1519
985 1514
985 1524
985 1789
985 1895
985 2206
985 4016
985 4025
986 2828
987 1084
987 1710
987 2202
989 1695
989 3191
989 3575
989 4981
990 1061
990 1661
991 1276
991 3551
992 1061
992 2886
994 1070
994 1410
995 4014
996 1127
996 1370
996 2127
996 2152
996 2522
996 4392
997 1917
998 1795
999 2741
1001 1349
1001 2693
1002 1063
1002 1387
1002 1481
1002 1854
1002 3118
1002 3272
1002 4488
1003 1336
1003 1969
1003 2087
1003 2473
1003 3805
1004 1254
1004 1787
1004 2634
1004 3461
1005 2486
1005 3086
1006 1392
1006 1529
1006 3818
1006 4890
1007 3124
1008 1480
1008 4809
1009 4971
1010 2804
1010 3093
1010 4816
1012 2186
1013 1395
1013 2288
1013 3445
1013 3701
1013 4193
1013 4826
1014 1554
1014 1606
1014 3933
1015 2183
1017 1266
1017 1507
1017 1742
1017 1797
1017 2017
1017 2852
1017 4027
1018 1903
1018 1956
1018 3868
1019 1904
1019 4822
1020 4253
1020 4387
1020 4494
1021 3318
1021 3427
1022 2249
1022 4022
1024 3441
1025 1489
1025 2372
1025 3164
1025 3177
1026 1351
1026 2175
1026 3766
1027 2418
1028 1258
1028 2867
1029 1289
1029 1337
1029 1457
1029 2812
1029 3229
1031 1169
1031 1247
1031 1492
1031 1517
1031 1638
1031 1768
1031 1869
1031 2007
1031 3492
1031 4621
1031 4874
1032 1183
1032 2360
1032 4107
1033 1664
1033 4914
1034 1109
1034 1417
1034 1914
1034 3351
1034 3375
1034 3585
1034 3720
1035 2812
1035 3278
1035 4751
1036 2895
1037 3399
1037 3996
1039 1214
1039 2846
1039 3794
1042 2199
1043 3045
1043 3491
1043 4251
1044 2862
1044 4042
1046 2028
1047 1312
1047 1419
1047 1681
1047 2144
1047 3383
1047 3906
1047 4643
1048 4205
1049 1861
1050 1857
1050 2992
1050 3350
1050 3657
1051 1495
1051 2642
1051 4204
1051 4264
1052 3499
1054 3244
1055 1711
1055 1996
1055 2352
1055 2569
1055 3884
1055 4114
1056 1339
1056 1627
1056 2541
1056 3132
1057 1462
1057 1596
1057 1631
1057 2417
1058 1612
1060 1394
1061 3485
1062 4676
1062 4839
1063 1790
1063 2291
1063 4011
1064 2025
1064 2342
1065 3812
1066 1216
1066 2575
1066 2772
1066 4864
1067 1599
1067 3874
1068 1546
1068 1839
1068 2118
1068 4521
1069 1292
1069 1722
1069 1755
1069 2642
1070 2132
1071 1174
1072 1508
1072 2390
1072 4865
1073 2511
1073 3247
1074 4081
1074 4330
1076 1375
1076 4214
1077 1939
1077 3315
1077 4963
1078 1308
1078 2042
1078 2258
1078 3313
1078 4511
1079 1764
1080 1252
1082 1124
1082 1440
1082 1483
1082 2629
1082 2705
1083 1169
1084 1424
1084 1843
1084 2572
1084 2790
1084 3662
1084 3895
1085 2134
1085 2931
1089 3543
1090 2902
1090 4314
1091 2465
1092 1124
1092 1382
1092 1643
1093 4199
1094 1177
1094 1805
1094 4368
1095 1297
1096 2006
1097 2667
1097 2758
1098 1487
1098 2385
1098 2467
1099 1868
1099 2118
1099 2446
1099 2883
1099 4518
1100 1757
1100 2713
1100 3146
1100 4002
1101 1387
1101 2333
1102 2730
1103 4912
1104 4431
1105 2313
1108 2535
1109 1432
1109 1448
1109 2747
1109 2913
1109 3239
1110 1918
1110 2257
1111 1512
1111 1915
1111 2228
1113 1482
1113 2844
1113 3417
1114 1254
1114 1547
1114 3304
1114 3340
1114 4078
1114 4649
1114 4953
1115 1460
1115 1894
1115 2410
1115 2450
1115 4033
1116 1138
1116 1413
1116 1775
1116 1990
1116 2098
1116 2138
1116 2645
1116 3510
1116 4189
1116 4212
1117 3470
1118 1510
1118 2200
1118 4047
1120 1215
1120 2026
1120 3762
1120 4272
1120 4798
1121 2328
1121 2897
1121 4169
1124 1879
1125 1250
1125 2052
1125 3050
1125 3536
1125 4508
1127 1306
1127 1669
1127 2771
1127 3611
1128 1153
1128 1772
1129 1609
1129 1794
1130 1491
1130 2064
1130 2215
1130 2226
1130 3652
1131 3605
1132 2990
1133 2606
1133 3025
1133 3128
1133 3377
1134 1523
1134 2027
1134 3180
1134 4114
1136 1303
1136 1498
1136 2950
1136 3790
1136 4939
1137 1280
1137 1965
1138 1585
1140 3772
1140 4401
1143 1935
1143 1939
1143 2516
1144 4825
1145 1649
1145 1739
1145 3173
1145 3228
1146 1172
1146 2362
1146 2880
1146 2891
1146 3961
1147 2821
1151 4476
1153 2851
1153 3789
1154 3617
1155 1953
1155 4777
1155 4969
1155 4987
1156 4533
1157 2061
1157 2177
1158 1258
1160 3345
1160 3950
1161 1528
1161 2236
1161 3486
1161 4795
1162 1617
1162 4308
1162 4407
1163 1644
1163 2251
1163 2930
1163 4452
1163 4674
1163 4782
1164 4947
1165 1295
1165 1323
1165 2546
1165 3359
1165 3914
1165 4076
1165 4430
1166 2795
1167 3847
1167 4254
1168 2551
1168 3092
1170 1444
1172 1186
1172 1202
1173 1500
1173 1825
1173 2500
1173 3264
1173 3687
1173 4614
1174 1751
1174 1819
1174 1899
1174 2936
1174 3764
1175 2817
1176 2207
1176 2232
1176 4546
1177 1377
1178 1427
1178 1642
1178 2139
1178 2322
1178 2386
1178 3676
1178 3751
1178 4197
1179 1320
1179 1874
1179 3821
1179 4603
1180 1880
1180 3004
1180 4598
1183 4771
1185 2190
1185 3940
1185 4126
1187 4238
1189 1553
1189 1705
1189 2116
1189 2461
1189 2973
1189 4155
1190 1229
1190 1315
1190 2149
1191 1633
1191 2434
1191 3071
1194 3275
1195 1557
1195 2484
1195 3625
1195 3892
1195 4843
1197 1296
1197 2064
1198 3694
1198 4121
1198 4638
1200 1247
1201 3786
1202 1957
1203 1889
1204 1269
1205 1218
1205 2297
1206 1867
1207 2089
1207 2790
1207 3281
1207 3748
1207 4079
1208 1763
1209 1224
1209 1559
1209 1571
1209 1690
1209 1700
1209 2011
1209 3683
1209 3916
1209 4328
1210 1379
1210 2424
1210 2904
1210 3008
1210 4554
1211 1307
1211 2434
1211 2477
1211 4068
1211 4437
1211 4774
1211 4901
1212 1306
1212 2615
1213 1401
1213 4421
1213 4813
1213 4817
1214 1921
1214 2954
1214 3553
1214 3745
1214 3747
1214 4739
1214 4956
1215 1461
1215 2082
1215 2619
1215 3334
1216 2131
1216 2163
1216 2249
1217 1371
1217 2358
1217 2607
1217 3051
1217 3830
1219 1673
1219 1734
1220 1787
1220 2670
1220 4678
1221 2380
1221 4143
1222 1691
1222 4628
1223 1263
1223 1463
1223 2035
1223 2665
1223 2902
1223 3198
1223 4785
1223 4849
1224 4528
1225 2283
1225 2604
1226 2781
1226 3297
1226 3922
1227 1313
1227 2684
1228 1336
1228 1623
1228 2250
1229 1570
1230 1465
1230 1879
1230 2279
1230 3931
1230 4831
1231 1574
1232 3290
1232 3605
1233 1684
1233 4112
1233 4566
1234 1262
1234 1538
1234 2232
1234 3705
1235 1560
1235 1703
1235 1947
1235 2426
1235 2924
1235 3694
1235 4134
1236 3644
1238 2656
1238 2891
1239 2682
1239 3132
1241 2124
1241 3244
1241 3364
1241 3965
1241 4474
1241 4786
1241 4985
1242 2021
1242 3679
1243 1706
1244 1807
1244 3478
1245 2753
1246 2419
1246 3227
1247 4852
1248 4493
1249 3478
1250 2371
1251 1322
1251 2970
1251 3121
1251 3209
1251 4827
1252 2877
1254 2540
1254 2729
1255 2341
1255 3139
1255 4942
1256 2316
1257 1973
1257 4210
1258 3449
1259 1817
1260 2201
1261 1342
1261 2830
1261 3099
1261 3752
1261 3920
1262 4566
1263 3104
1263 3147
1264 1683
1264 2204
1264 2225
1264 2284
1264 2337
1264 3201
1264 3641
1264 3845
1264 4939
1265 3739
1266 1273
1266 4985
1269 1666
1270 2217
1270 2967
1272 2517
1272 2755
1273 2727
1275 1628
1276 3889
1278 2355
1279 3994
1281 1625
1282 1452
1283 4946
1284 1501
1284 2112
1285 1515
1285 1606
1285 1891
1285 2373
1285 3651
1287 1789
1293 1359
1293 2410
1293 4975
1294 3307
1295 1493
1296 1674
1297 2706
1298 4282
1299 2746
1300 1379
1302 1633
1302 4106
1304 4663
1305 2592
1305 3024
1305 3028
1305 3250
1305 4528
1307 1767
1307 2879
1307 3143
1307 3624
1309 1869
1310 3119
1311 3589
1311 4233
1312 1478
1312 1796
1312 2399
1312 2822
1313 2223
1314 1616
1314 1708
1314 2464
1314 2789
1314 3811
1314 3974
1314 4844
1315 3202
1315 3534
1315 3613
1315 4151
1316 1786
1316 2033
1316 2676
1317 4131
1319 2081
1322 2568
1323 1471
1324 2986
1324 3608
1325 1397
1325 3857
1326 2148
1326 2499
1326 3166
1327 3754
1329 1402
1329 1746
1329 1778
1329 1928
1329 3066
1333 2112
1333 3985
1336 2262
1336 4709
1337 4998
1338 4101
1339 2452
1339 3331
1339 3612
1340 2292
1342 1923
1342 2771
1342 4299
1343 1400
1343 2072
1343 2716
1343 3018
1343 4348
1344 2172
1345 1400
1345 1698
1348 1979
1348 3920
1350 3284
1351 4107
1351 4261
1354 1882
1355 1564
1355 1838
1355 2216
1355 2270
1355 2459
1355 3936
1355 4850
1356 2051
1357 2195
1358 1759
1358 3840
1364 1806
1364 2146
1364 2366
1364 3163
1365 1523
1365 2731
1366 2120
1367 2794
1368 2326
1369 1812
1369 1859
1370 2321
1371 4186
1372 3230
1372 4019
1374 3267
1374 3473
1374 3958
1376 2314
1378 1602
1378 1660
1379 3906
1381 3017
1382 2108
1383 2111
1384 2185
1384 4106
1386 1707
1386 1811
1387 2513
1388 3223
1389 1858
1389 3324
1389 3600
1389 3873
1390 1460
1390 2510
1390 2643
1390 2720
1390 2845
1392 3257
1392 3664
1392 3678
1392 3849
1392 3929
1393 3935
1394 1579
1394 4810
1395 2504
1395 2865
1395 3973
1395 4759
1397 4929
1398 2985
1400 2746
1400 4091
1403 4393
1404 2079
1404 2865
1404 3827
1408 4456
1412 1833
1412 4124
1413 1883
1414 2552
1414 4412
1415 2728
1416 2685
1416 3528
1416 3738
1416 3895
1416 4830
1416 4947
1417 3115
1418 1484
1419 2198
1419 2840
1419 4349
1419 4756
1420 1467
1420 2650
1420 2931
1420 3458
1420 3773
1421 2082
1422 1821
1422 2736
1424 1551
1424 1712
1424 2530
1424 2788
1424 3098
1424 4394
1426 3703
1426 4567
1426 4798
1427 2294
1427 4996
1428 1569
1428 1995
1428 2012
1428 2417
1428 3401
1429 2296
1429 3817
1430 2599
1430 4856
1430 4974
1431 3854
1431 3867
1431 4697
1431 4776
1432 2045
1434 4284
1435 1661
1435 2763
1436 4385
1437 2313
1437 3743
1437 4242
1437 4579
1438 1653
1439 1541
1439 2864
1439 3540
1439 4541
1441 2048
1441 2712
1443 2977
1443 3522
1443 4287
1444 2310
1444 2739
1444 3640
1445 1972
1446 2305
1447 2880
1448 2505
1448 2730
1448 3867
1448 3934
1448 4233
1450 1472
1450 1617
1450 3993
1451 1960
1452 1691
1452 2861
1452 3014
1452 3975
1454 2121
1455 3156
1457 1817
1457 2159
1458 1815
1458 2235
1459 2075
1459 2852
1459 2946
1459 3260
1460 1985
1460 2168
1460 2854
1460 3256
1460 4418
1460 4841
1464 4312
1464 4915
1465 3909
1465 4843
1466 2365
1466 4667
1467 4610
1468 1565
1468 2435
1468 3626
1468 4255
1468 4262
1470 1906
1477 1486
1477 1873
1477 4197
1477 4578
1478 1745
1478 1952
1478 3863
1478 4780
1478 4891
1479 2541
1479 2990
1479 3046
1480 4370
1481 2090
1481 3149
1481 3430
1481 4047
1481 4712
1482 4118
1483 1594
1483 1900
1483 2612
1483 4550
1484 3499
1485 1668
1485 2625
1486 3058
1487 2878
1487 3336
1487 3865
1487 4015
1488 3526
1489 4741
1490 1550
1490 2509
1490 3316
1490 3446
1490 4263
1491 3190
1491 3695
1492 2577
1492 2592
1492 2843
1493 1673
1494 2145
1494 3714
1495 3870
1496 2084
1496 4568
1497 3615
1500 3823
1501 4287
1502 2231
1502 2391
1502 3311
1502 4742
1503 4756
1504 4013
1504 4331
1504 4634
1505 2601
1506 1936
1506 4652
1507 2036
1507 3728
1508 4150
1509 4713
1509 4868
1510 1961
1510 3282
1510 4137
1510 4612
1510 4885
1511 2133
1512 2768
1512 2928
1512 3266
1513 1562
1514 3015
1515 2092
1515 2869
1515 2951
1515 4951
1516 3339
1518 1615
1518 4492
1518 4886
1519 2785
1520 2866
1522 2113
1523 1580
1523 3970
1523 4950
1524 3294
1525 3881
1526 1635
1526 2856
1526 3542
1526 4025
1527 4362
1530 1607
1532 2729
1532 3707
1533 2100
1533 2387
1533 2719
1533 3471
1533 4576
1534 2697
1534 2798
1534 2939
1535 3848
1535 4432
1536 3675
1540 1629
1540 1824
1540 1844
1540 4505
1540 4874
1541 1653
1541 2166
1541 3199
1541 3285
1542 3627
1544 2013
1544 2842
1544 3030
1545 3613
1548 1986
1548 3766
1549 2835
1549 4754
1550 2440
1550 3206
1550 3935
1550 4289
1550 4297
1553 1920
1553 4180
1554 2749
1555 1828
1555 2338
1555 3284
1555 3971
1556 2840
1556 3416
1557 2073
1557 3272
1560 3291
1561 2385
1563 2543
1563 3189
1564 2738
1565 2857
1567 2049
1568 2816
1568 3614
1568 4618
1570 2117
1570 3136
1570 3274
1571 2544
1572 4523
1573 1598
1573 1786
1573 2155
1573 2337
1573 2786
1574 2406
1574 2471
1574 3145
1574 4711
1575 3524
1576 2915
1576 3599
1576 4657
1577 3381
1577 3760
1577 4308
1577 4915
1578 4574
1578 4704
1580 2591
1581 1963
1581 3776
1583 1728
1584 2633
1585 3206
1585 4279
1585 4569
1585 4588
1586 1593
1587 2526
1587 2604
1587 3380
1587 3466
1588 3140
1589 2115
1590 1955
1591 1735
1591 2063
1591 2245
1591 4545
1593 2694
1594 2993
1594 4372
1594 4812
1595 4451
1597 4196
1598 2072
1598 2997
1598 3309
1598 3562
1598 4398
1598 4673
1599 4058
1599 4641
1600 1791
1600 1961
1600 3362
1600 3718
1600 4845
1603 2176
1604 1725
1606 2874
1607 2514
1607 2960
1608 3291
1609 2302
1609 2945
1610 1654
1610 2617
1611 3711
1613 4610
1613 4659
1614 2098
1615 2295
1615 2534
1616 2595
1618 1933
1619 2665
1619 2733
1619 4302
1621 2630
1621 3273
1623 3479
1623 4022
1624 3910
1624 3942
1625 2069
1626 1676
1626 2716
1627 1630
1629 1888
1629 1916
1629 3322
1629 3462
1629 4474
1631 1775
1631 2934
1631 2971
1631 3571
1631 3642
1632 2415
1634 2323
1634 4529
1636 2695
1636 4063
1636 4415
1636 4993
1638 1871
1638 2247
1638 2295
1638 2723
1638 2806
1638 3144
1638 3826
1641 2846
1642 1910
1642 2160
1642 2449
1642 4839
1643 3878
1643 4396
1643 4416
1645 4773
1646 1993
1646 4791
1646 4818
1647 2995
1647 3824
1649 3677
1649 3696
1650 4743
1651 2301
1651 2988
1651 3860
1651 4357
1651 4603
1651 4706
1652 2154
1652 2271
1656 1899
1656 3135
1656 3654
1656 4156
1656 4847
1656 4954
1657 2577
1657 2762
1658 3991
1659 1758
1659 1962
1660 3000
1660 3053
1662 4320
1665 2087
1665 2611
1667 1726
1668 1753
1668 3850
1669 4817
1670 1731
1670 3608
1671 2661
1673 2059
1673 2624
1674 3279
1675 2498
1675 3688
1675 4829
1675 4907
1677 2978
1677 4739
1678 1875
1678 2590
1678 2798
1678 3590
1678 3651
1678 4811
1678 4969
1679 4911
1680 1690
1680 2285
1680 2652
1680 3544
1680 4785
1683 1818
1683 3819
1683 4769
1684 2086
1684 3609
1685 3199
1685 3365
1685 4765
1686 2801
1688 2522
1688 4257
1690 2743
1691 3220
1691 4917
1692 3127
1692 3636
1696 2088
1696 2938
1698 3021
1701 3538
1701 4009
1703 2156
1703 3653
1704 2094
1704 2964
1704 3248
1704 3440
1704 3494
1704 4458
1704 4683
1704 4813
1705 1952
1705 3033
1706 1819
1706 2658
1708 3723
1709 4040
1709 4440
1710 1858
1710 2672
1710 4826
1710 4870
1711 2317
1714 2675
1714 2683
1714 3263
1714 3730
1714 3774
1715 1898
1715 2052
1715 4685
1717 2710
1717 3212
1717 3741
1717 4135
1717 4812
1718 2810
1718 3770
1721 1851
1721 2754
1721 3080
1721 4400
1723 1900
1724 1736
1726 4100
1727 3100
1727 3428
1727 4640
1728 2126
1728 2687
1729 1928
1729 2042
1731 4021
1733 3699
1733 4913
1735 2839
1737 2255
1737 2563
1737 4181
1737 4519
1739 1912
1739 2334
1739 3006
1739 3519
1739 4036
1740 3066
1741 3379
1743 3912
1743 4017
1744 2390
1744 3778
1746 2461
1747 1756
1748 2037
1749 3602
1749 3686
1751 2067
1752 4564
1753 1809
1753 3586
1753 3898
1755 2150
1760 2153
1761 1999
1761 2050
1761 2074
1761 2764
1761 3046
1761 4142
1761 4335
1764 1877
1764 2918
1764 3204
1764 3562
1764 4332
1765 3669
1766 1866
1766 2197
1766 2494
1768 3714
1769 2529
1769 3781
1770 3052
1770 3089
1770 3487
1770 3951
1770 4091
1770 4894
1770 4950
1773 2993
1773 3137
1773 3603
1773 4358
1773 4774
1773 4940
1775 3067
1776 3041
1776 4910
1777 2373
1777 3030
1777 4851
1778 2131
1778 2219
1778 2514
1778 3964
1778 4606
1779 2343
1779 3072
1779 4880
1780 2854
1780 4093
1781 3129
1781 3779
1782 2859
1782 4520
1783 3988
1784 2342
1784 2609
1785 2353
1785 3610
1786 2759
1786 2908
1786 4961
1788 4496
1789 1968
1789 4565
1790 4651
1791 2192
1791 3176
1791 3890
1798 1855
1798 2941
1798 3528
1800 1804
1800 2757
1800 2776
1800 3358
1801 3588
1803 1877
1803 4296
1805 1845
1806 3010
1806 3319
1808 2286
1809 3426
1810 1997
1810 2968
1817 1865
1818 2135
1818 2355
1818 3439
1818 4283
1818 4804
1820 2985
1820 4318
1825 2376
1828 2868
1828 3971
1831 3448
1832 4303
1832 4497
1833 3727
1834 1970
1834 2948
1834 4088
1834 4170
1834 4605
1834 4622
1835 2161
1835 2348
1835 4211
1836 2621
1838 1934
1838 3200
1838 3421
1838 3731
1838 4484
1839 2116
1840 2267
1840 2619
1840 4374
1844 2244
1846 2366
1846 4015
1848 3173
1849 4154
1849 4473
1850 2589
1850 4304
1851 2639
1852 2055
1853 4799
1854 2709
1854 3179
1856 4920
1858 2533
1859 2038
1859 3074
1859 4928
1861 2110
1861 2124
1861 3564
1861 4046
1861 4498
1862 2062
1863 2735
1863 4669
1864 3240
1865 1891
1865 2162
1865 2781
1866 4237
1866 4248
1867 2147
1867 2409
1867 3601
1868 3916
1869 2641
1869 3744
1869 4583
1872 2165
1872 2504
1872 2807
1872 3202
1872 3812
1873 2690
1875 3217
1875 3819
1875 3997
1877 4345
1878 3660
1878 4229
1878 4816
1879 2474
1881 3360
1882 2999
1882 4090
1883 3383
1883 4556
1885 3753
1887 2094
1888 4544
1889 4937
1890 3148
1891 3306
1891 3685
1892 1901
1892 3671
1894 2803
1894 3815
1894 4045
1895 1994
1895 2598
1896 3508
1896 4187
1897 1909
1897 3351
1898 4059
1900 3705
1901 2750
1901 3544
1903 2153
1903 4007
1904 3441
1904 3719
1904 4239
1904 4984
1909 3749
1909 3768
1911 4506
1918 2343
1918 2744
1920 3213
1921 3511
1922 3435
1922 4715
1924 2140
1925 3852
1929 1970
1929 2573
1929 2888
1929 4096
1929 4949
1930 3294
1930 4398
1932 2947
1932 4960
1935 2104
1935 3210
1936 2193
1936 2362
1937 3175
1937 3275
1937 3299
1937 3792
1938 2484
1939 2980
1939 4535
1939 4918
1940 2068
1940 3434
1941 2563
1941 3253
1944 3676
1946 3393
1949 2032
1949 2080
1949 2627
1949 3226
1949 3405
1949 4067
1949 4493
1949 4976
1951 3460
1952 3259
1952 3892
1954 4418
1958 3506
1960 2922
1961 2000
1962 2338
1963 3310
1964 2107
1964 2188
1964 2265
1964 2634
1966 3702
1968 2817
1969 4962
1970 2139
1970 2400
1970 2630
1970 3569
1970 4402
1970 4964
1970 4992
1971 2095
1971 2254
1971 3464
1971 4081
1973 3170
1974 3188
1975 3703
1979 2296
1979 3896
1980 2288
1981 2246
1982 4176
1984 2099
1984 2614
1984 3408
1986 2265
1989 2109
1989 3526
1990 2482
1990 2944
1990 3970
1990 4923
1991 3125
1992 3723
1999 4371
2001 3415
2002 2767
2004 2919
2005 4953
2006 2699
2008 3257
2008 3330
2010 2076
2010 2651
2012 2018
2013 2205
2013 3611
2017 3525
2019 4195
2019 4275
2021 3075
2021 3152
2021 4469
2022 2143
2022 3982
2025 2054
2025 4965
2026 3123
2026 3443
2027 4235
2029 2324
2030 3265
2030 4177
2031 2418
2033 3293
2034 2554
2035 4833
2037 2647
2037 3514
2038 2301
2038 3336
2038 3700
2038 4716
2038 4938
2039 2414
2039 3059
2039 3274
2040 4635
2041 2681
2041 3333
2041 3681
2041 3939
2042 3387
2042 4216
2044 2722
2044 3952
2044 4750
2045 4206
2047 2942
2049 4136
2051 3310
2054 3621
2055 4330
2057 4609
2058 3561
2058 4062
2059 3746
2059 3836
2060 2921
2060 4779
2062 3729
2062 4296
2063 4162
2064 2821
2065 4265
2065 4671
2066 3011
2066 3057
2069 4558
2073 2271
2073 4908
2074 2245
2074 2848
2074 4238
2074 4251
2074 4298
2074 4881
2074 4955
2075 3476
2077 2370
2077 4821
2079 4108
2081 2762
2081 3413
2082 4468
2083 3722
2084 2987
2084 3546
2084 3658
2085 4972
2089 4105
2090 2354
2090 2788
2091 4404
2092 3414
2092 3918
2092 4192
2093 2427
2094 2691
2095 2567
2096 3245
2097 3283
2098 4601
2101 4870
2102 2560
2102 2696
2105 4395
2105 4892
2107 2797
2108 3490
2108 3950
2109 2374
2109 3915
2110 3900
2110 4611
2111 2306
2114 2179
2114 2320
2114 2704
2114 3178
2114 3311
2114 4625
2114 4672
2114 4838
2114 4845
2116 4077
2120 2624
2122 4467
2123 3909
2124 3431
2124 3828
2124 4822
2125 2143
2125 2948
2125 3083
2125 4094
2125 4195
2126 2703
2128 4824
2129 3436
2129 4304
2131 2956
2131 4716
2134 2784
2135 2409
2135 3353
2135 3404
2135 3420
2138 3071
2138 3195
2138 3808
2138 4003
2140 4522
2141 3043
2142 3921
2143 4128
2143 4441
2144 3150
2144 3861
2145 2221
2145 3296
2146 2537
2146 2787
2146 2969
2147 2727
2148 2422
2148 3038
2148 3082
2152 2329
2152 3640
2153 2561
2153 3106
2153 4116
2153 4244
2155 3355
2157 3804
2163 4790
2166 3222
2166 4174
2167 3203
2168 2632
2168 3153
2169 3649
2173 2227
2173 3376
2174 2237
2174 4768
2176 2593
2176 4322
2178 3029
2179 2314
2180 3182
2181 4059
2181 4879
2182 3047
2183 3899
2184 3642
2184 3811
2186 2486
2186 4752
2186 4801
2187 2582
2191 4771
2195 2616
2195 4608
2198 2485
2199 4698
2201 2816
2204 4208
2204 4531
2205 3607
2205 4429
2206 3948
2207 2431
2210 2214
2210 3372
2210 4201
2210 4690
2210 4882
2211 2242
2211 2636
2211 4438
2211 4724
2215 3127
2217 2234
2217 2660
2217 4231
2217 4293
2218 3340
2220 2479
2220 3309
2220 4691
2221 2475
2221 2565
2221 2724
2221 2949
2221 4168
2222 4600
2223 3756
2223 4584
2224 4468
2225 3471
2225 3805
2225 4920
2226 2629
2231 2972
2231 3185
2231 3455
2231 3465
2231 3877
2232 2584
2232 3665
2234 3380
2235 3745
2237 3322
2238 2405
2239 3221
2239 3978
2239 4570
2240 2359
2241 4285
2245 2396
2245 3513
2248 2711
2248 2750
2248 2953
2248 4076
2249 2726
2251 3661
2251 3908
2252 2876
2252 4694
2256 2452
2256 2819
2256 3469
2256 4899
2257 2687
2257 3345
2259 2681
2260 2913
2261 4425
2262 2711
2262 4971
2267 4710
2268 4298
2270 2388
2270 3592
2272 2468
2272 2605
2272 4329
2272 4518
2274 4520
2276 2473
2278 2399
2278 3114
2281 2900
2282 2912
2283 2519
2283 2808
2283 3560
2283 3835
2283 4444
2284 2588
2284 2717
2284 4635
2284 4836
2285 3697
2285 4247
2286 3681
2286 4621
2289 2893
2291 2803
2291 3551
2293 3715
2294 2408
2294 3915
2294 4130
2294 4494
2296 2743
2297 3218
2297 3842
2300 3473
2300 4543
2301 2330
2301 3292
2301 4560
2303 2887
2305 3436
2305 3648
2305 3797
2305 4224
2306 2863
2306 2954
2306 3236
2306 3337
2307 3108
2308 2464
2308 2952
2311 3368
2311 3398
2311 4620
2312 3331
2314 2603
2314 3556
2315 3527
2315 4219
2318 3753
2318 4572
2319 3095
2319 3871
2319 4088
2319 4396
2322 2392
2322 3312
2323 4599
2325 2476
2325 3025
2327 4426
2327 4689
2334 2965
2335 2602
2335 4511
2340 2454
2340 2554
2340 3164
2340 3869
2340 4378
2342 2851
2342 4626
2343 4040
2344 2691
2344 4753
2346 2425
2346 2487
2348 3227
2350 2413
2350 2885
2350 3326
2353 4217
2353 4561
2355 3130
2356 2557
2356 3169
2361 3391
2365 4871
2366 2853
2369 2884
2371 2378
2372 4376
2373 3691
2373 4857
2375 4319
2376 3433
2383 4703
2384 2454
2384 2578
2384 3500
2384 4533
2384 4584
2385 4592
2390 2799
2390 3673
2393 2982
2393 3212
2394 4378
2396 2658
2396 3454
2398 3388
2399 2796
2399 4713
2400 3171
2400 4539
2402 3527
2402 4158
2402 4571
2403 2544
2403 3343
2403 3572
2403 4029
2403 4092
2403 4198
2403 4244
2403 4702
2404 3619
2407 3249
2407 3835
2407 3846
2407 4010
2408 3928
2408 4385
2409 4989
2411 3221
2411 3287
2413 4591
2416 2572
2416 4399
2418 3281
2420 4262
2421 2465
2421 2752
2421 3890
2427 3504
2427 3671
2430 3361
2432 3986
2434 2655
2441 4411
2444 4622
2444 4644
2445 3347
2446 2458
2446 2508
2446 2594
2446 3059
2446 4288
2448 4175
2448 4317
2449 2593
2449 4148
2451 3584
2454 2644
2454 4536
2455 2983
2455 4099
2456 4764
2459 2917
2459 4553
2460 4988
2461 3238
2461 3298
2461 3476
2462 3637
2463 3960
2463 4549
2471 2935
2475 2848
2475 2922
2475 3103
2475 4397
2475 4600
2479 3109
2480 3187
2480 4930
2482 4275
2484 2979
2484 3617
2484 4689
2487 3467
2488 4194
2488 4446
2490 3647
2494 4211
2498 3107
2498 4848
2499 4900
2500 3800
2500 4228
2501 3975
2503 4161
2504 3267
2506 3761
2506 3981
2510 4375
2510 4640
2511 4055
2511 4668
2512 2892
2514 2837
2514 2858
2515 4634
2515 4887
2517 4264
2518 2615
2519 4664
2520 3159
2520 4241
2522 4657
2524 4994
2526 2530
2531 3419
2531 4086
2534 2732
2534 4462
2535 3999
2535 4145
2536 2571
2536 4486
2537 3193
2539 3511
2543 2600
2543 4800
2548 2909
2549 3430
2549 3924
2549 4423
2550 3232
2550 3555
2552 4677
2553 2589
2553 3847
2557 3230
2558 3842
2558 4200
2558 4749
2563 2705
2566 3372
2567 2718
2567 3078
2568 3483
2568 4316
2572 4705
2573 2984
2573 3338
2574 3007
2577 4935
2578 3508
2579 3325
2579 4210
2579 4707
2580 2640
2580 2936
2580 3141
2580 3576
2580 4162
2580 4241
2580 4530
2580 4715
2581 4684
2581 4909
2583 2598
2583 2637
2583 3015
2583 4660
2586 2926
2586 3285
2586 4572
2587 3172
2587 3187
2588 3580
2589 4058
2590 2652
2590 3571
2598 4629
2603 3131
2603 3655
2603 4157
2603 4269
2605 3458
2607 4701
2611 3170
2613 2986
2613 3438
2613 3520
2613 4838
2615 3796
2615 4200
2616 3248
2617 3252
2617 3926
2620 3410
2621 3567
2621 3807
2626 3208
2627 4877
2631 2757
2632 2664
2636 2741
2636 2964
2636 4792
2638 3182
2638 4602
2639 3663
2639 4659
2643 2664
2643 4918
2644 2839
2645 3885
2646 3451
2651 2925
2654 2942
2654 4477
2655 4134
2657 4260
2658 2871
2662 2677
2662 2994
2663 3976
2665 2707
2665 4990
2666 3813
2667 3278
2672 2903
2673 2953
2673 4676
2674 3674
2675 4410
2676 3155
2676 3474
2681 2868
2684 2786
2684 3161
2684 4160
2689 3638
2689 4733
2692 3814
2693 3647
2693 3654
2693 4145
2694 2799
2694 2847
2694 2945
2697 2950
2697 4371
2698 3883
2698 4123
2698 4766
2699 3171
2700 4226
2701 3820
2701 4159
2702 3344
2703 3964
2705 2756
2705 4517
2706 3026
2707 3576
2708 3792
2710 2870
2710 3607
2710 4661
2711 3061
2715 4929
2716 3232
2716 3371
2717 3443
2720 3273
2722 4037
2722 4395
2722 4433
2724 2862
2724 3042
2726 3405
2726 4973
2727 3880
2728 3001
2728 4513
2729 4647
2731 3597
2733 3501
2734 3253
2735 3306
2736 2914
2739 3983
2740 2811
2742 3116
2743 3549
2746 3502
2746 4342
2747 3969
2747 4071
2747 4524
2750 4417
2751 3910
2754 3109
2754 3329
2754 3997
2754 4869
2758 3450
2759 4489
2759 4666
2760 4936
2762 4811
2763 3659
2769 4115
2772 3126
2772 3177
2772 3356
2772 4136
2776 3084
2776 3633
2780 4865
2782 4664
2784 2849
2787 4036
2787 4553
2790 2808
2790 3139
2790 4427
2792 3787
2794 3711
2794 3998
2795 4333
2798 3818
2800 4885
2801 3369
2802 2811
2802 3043
2802 3754
2802 3875
2805 3493
2808 2995
2809 3225
2811 3162
2814 2864
2817 3439
2820 3313
2820 3652
2823 3841
2824 3442
2827 3137
2830 3820
2832 4053
2832 4832
2833 3027
2837 3369
2837 4067
2837 4966
2839 3098
2840 3044
2842 3180
2842 4557
2846 4415
2847 4991
2849 3684
2850 3776
2852 3362
2860 4479
2861 4917
2862 4680
2865 4291
2867 3432
2872 3256
2873 4758
2875 3231
2875 4243
2876 3949
2877 3303
2878 4759
2878 4899
2881 3788
2881 4266
2881 4654
2882 4392
2884 4017
2886 4941
2889 4458
2890 4006
2890 4403
2890 4604
2890 4902
2894 4982
2895 4306
2895 4804
2896 3954
2897 3866
2898 3501
2898 3856
2898 4485
2901 4436
2904 4300
2906 4176
2908 3271
2912 3123
2912 3893
2913 3203
2914 3090
2915 4117
2916 4901
2917 3064
2920 2988
2922 3530
2924 4070
2926 4735
2927 3540
2928 3154
2928 4527
2929 4344
2930 3416
2931 3774
2932 3120
2933 3903
2936 3326
2936 4343
2939 3022
2939 4048
2939 4154
2939 4475
2939 4891
2941 3724
2942 3828
2943 3346
2943 4638
2948 3641
2948 4550
2951 3205
2952 3697
2955 4128
2959 4256
2959 4607
2962 4350
2963 3987
2967 3986
2969 3872
2969 4731
2973 3529
2974 3519
2975 3516
2978 3888
2983 4360
2984 3447
2986 4423
2988 4234
2988 4540
2988 4878
2989 3286
2989 4043
2993 3710
2993 4819
2998 3339
3003 3390
3005 3962
3006 3627
3006 4087
3007 4912
3009 3591
3010 3777
3011 3884
3011 4646
3014 3096
3014 4235
3014 4367
3018 4591
3018 4681
3019 3561
3023 3509
3029 4357
3031 3217
3032 4534
3033 3228
3034 4655
3040 4178
3040 4542
3041 3211
3045 3735
3048 4512
3048 4573
3052 4718
3055 3482
3057 4526
3057 4565
3058 3063
3059 4515
3064 4363
3067 3585
3069 3153
3070 4714
3070 4882
3071 4190
3071 4922
3077 4221
3084 3903
3084 4934
3086 4426
3087 4787
3088 3370
3092 3388
3092 3748
3092 4064
3096 3204
3098 3905
3098 4034
3098 4056
3098 4695
3101 3556
3105 3126
3105 4501
3105 4982
3109 3500
3112 3475
3113 4737
3114 4155
3114 4424
3114 4688
3116 4557
3117 4743
3124 3894
3124 4686
3126 3424
3127 3574
3127 4944
3129 3200
3131 4319
3135 4150
3136 4895
3141 3871
3147 4727
3153 3980
3153 4073
3153 4090
3153 4928
3157 3848
3158 3233
3158 3418
3161 3169
3173 4273
3174 3598
3174 4172
3174 4907
3179 3393
3179 3532
3179 4738
3183 3699
3183 4383
3184 3190
3185 3721
3185 3862
3185 4140
3186 4711
3186 4751
3190 3591
3192 3426
3194 4429
3194 4984
3195 4407
3197 3407
3197 3768
3201 3496
3203 4004
3204 3531
3209 3953
3210 3886
3212 4860
3214 3953
3217 4801
3218 3512
3219 3743
3223 3321
3228 3582
3229 3354
3231 3708
3231 4035
3232 4618
3232 4842
3233 3302
3233 3512
3233 4281
3234 3781
3239 3879
3239 4331
3240 4770
3245 3394
3249 4459
3250 3454
3250 4747
3251 3758
3251 4419
3251 4919
3253 3725
3254 4246
3257 4599
3260 4499
3263 3771
3263 4476
3264 3341
3264 4034
3265 3815
3268 3632
3269 4057
3273 3312
3273 4369
3275 3716
3278 3376
3278 4840
3281 4157
3283 3507
3287 3733
3289 3760
3291 3646
3292 4372
3296 3392
3296 3972
3305 3839
3306 3385
3310 4253
3314 3574
3314 4254
3317 4085
3318 3992
3323 4538
3334 4374
3335 4416
3335 4988
3336 4672
3341 3516
3343 3814
3345 3786
3346 4705
3352 3357
3353 3791
3355 3492
3355 3522
3355 3777
3355 4377
3355 4461
3355 4544
3356 4727
3357 3452
3358 3570
3361 3888
3363 4516
3364 3657
3368 3615
3370 4309
3370 4658
3377 3757
3377 4620
3379 3840
3379 3999
3387 4943
3392 4258
3396 3983
3400 4729
3401 4728
3405 3580
3405 4020
3408 3930
3409 3736
3413 3456
3413 4160
3414 4326
3421 4457
3423 4998
3427 3634
3430 4512
3435 3541
3436 4024
3440 3486
3445 4490
3446 3631
3451 3879
3455 4508
3463 3865
3465 4500
3465 4547
3466 4628
3468 4408
3469 3569
3472 3979
3472 4149
3472 4502
3473 3990
3474 3780
3480 4594
3482 4582
3484 4281
3484 4719
3485 4958
3486 4215
3488 4995
3492 4109
3493 3581
3500 4504
3502 3744
3503 4115
3505 4696
3506 4010
3506 4719
3508 4933
3510 4194
3511 4656
3512 4089
3513 4321
3514 3898
3514 4240
3518 4471
3522 3552
3524 4021
3524 4709
3532 4177
3538 4389
3541 4905
3541 4977
3546 4808
3549 3579
3557 4271
3558 4853
3560 3709
3569 3789
3571 3594
3571 3689
3575 4837
3580 3941
3589 4829
3604 3849
3609 4769
3610 4342
3610 4388
3610 4645
3613 3984
3613 4897
3622 3643
3625 3628
3625 3823
3625 4237
3625 4361
3626 4595
3631 4347
3632 3650
3633 4191
3635 3740
3638 4665
3641 4619
3646 4708
3662 3952
3671 4271
3672 4325
3675 4032
3676 4232
3676 4797
3678 4439
3679 3688
3680 4310
3698 3944
3698 3947
3699 4170
3701 4846
3705 4581
3705 4966
3711 4641
3713 4334
3724 4087
3726 4355
3730 3769
3733 3846
3737 4294
3737 4861
3741 4055
3743 4199
3745 3945
3752 4440
3754 4030
3763 4339
3763 4746
3765 4168
3769 3922
3771 4250
3773 3827
3773 3858
3777 4334
3785 4129
3785 4886
3786 4700
3795 4283
3800 4432
3803 4650
3805 3894
3808 4673
3811 4685
3814 3985
3817 4363
3824 4608
3826 4677
3829 4039
3838 3919
3851 4509
3852 3984
3852 4707
3866 4459
3868 4777
3869 4736
3871 4477
3877 4348
3881 3943
3885 3959
3887 4462
3891 4965
3901 4574
3903 4733
3912 4008
3913 4119
3915 4163
3915 4481
3925 3965
3925 4060
3925 4178
3929 4548
3937 4586
3944 4995
3948 4501
3955 4632
3964 3966
3970 4038
3970 4173
3970 4309
3970 4854
3974 4311
3981 4472
3982 4687
3985 4192
3986 4873
3989 4456
3991 4693
3994 4249
3996 4516
4009 4438
4013 4223
4018 4548
4021 4924
4033 4051
4038 4487
4038 4569
4040 4606
4052 4220
4052 4670
4057 4612
4060 4780
4064 4651
4070 4071
4073 4587
4074 4207
4074 4381
4074 4652
4081 4125
4085 4167
4098 4814
4101 4163
4105 4856
4108 4967
4116 4594
4117 4356
4122 4639
4125 4399
4128 4215
4129 4585
4131 4665
4133 4391
4133 4815
4146 4323
4151 4745
4159 4324
4159 4441
4161 4360
4165 4996
4167 4394
4167 4787
4179 4347
4183 4424
4183 4795
4195 4428
4195 4701
4200 4788
4202 4338
4205 4257
4207 4536
4216 4903
4222 4463
4230 4413
4233 4307
4234 4880
4235 4959
4238 4368
4238 4683
4243 4336
4243 4687
4243 4775
4246 4598
4251 4949
4258 4270
4258 4380
4263 4746
4276 4427
4282 4500
4283 4797
4284 4455
4293 4329
4308 4736
4311 4421
4313 4555
4331 4668
4338 4530
4349 4480
4356 4999
4357 4802
4389 4921
4392 4720
4393 4768
4394 4602
4396 4724
4405 4447
4405 4684
4415 4470
4442 4916
4446 4682
4458 4592
4467 4696
4478 4551
4478 4650
4502 4575
4526 4791
4561 4671
4563 4656
4569 4952
4577 4790
4578 4757
4579 4674
4590 4926
4605 4698
4618 4725
4622 4783
4635 4721
4640 4806
4648 4977
4752 4876
4763 4906
4790 4805
4857 4878
