1500 2996
0 2
0 3
0 4
0 7
0 11
0 12
0 17
0 23
0 24
0 36
0 42
0 45
0 46
0 71
0 74
0 90
0 104
0 113
0 124
0 162
0 172
0 199
0 201
0 238
0 245
0 265
0 281
0 364
0 367
0 407
0 427
0 469
0 509
0 529
0 567
0 603
0 621
0 648
0 681
0 716
0 870
0 872
0 886
0 888
0 889
0 924
0 1004
0 1015
0 1019
0 1034
0 1061
0 1064
0 1148
0 1255
0 1265
0 1309
0 1343
0 1351
0 1431
0 1442
0 1486
1 2
1 7
1 13
1 20
1 26
1 49
1 54
1 58
1 60
1 72
1 85
1 90
1 106
1 138
1 141
1 167
1 170
1 189
1 282
1 337
1 338
1 340
1 349
1 397
1 424
1 432
1 458
1 478
1 490
1 650
1 668
1 748
1 771
1 781
1 865
1 939
1 965
1 980
1 987
1 1226
1 1263
1 1322
1 1376
1 1423
1 1487
2 3
2 5
2 6
2 10
2 16
2 31
2 52
2 67
2 75
2 101
2 106
2 179
2 307
2 317
2 330
2 396
2 493
2 619
2 711
2 740
2 747
2 798
2 878
2 884
2 1065
2 1152
2 1249
2 1252
2 1343
2 1355
3 4
3 5
3 8
3 9
3 11
3 14
3 15
3 17
3 22
3 28
3 34
3 39
3 40
3 43
3 49
3 59
3 66
3 68
3 79
3 82
3 83
3 91
3 104
3 107
3 109
3 118
3 119
3 121
3 130
3 150
3 165
3 169
3 204
3 235
3 240
3 241
3 249
3 251
3 272
3 278
3 280
3 287
3 325
3 344
3 388
3 392
3 402
3 413
3 427
3 437
3 439
3 503
3 504
3 515
3 524
3 525
3 536
3 547
3 558
3 600
3 634
3 658
3 672
3 680
3 706
3 714
3 750
3 751
3 778
3 846
3 924
3 977
3 1003
3 1029
3 1037
3 1045
3 1057
3 1058
3 1068
3 1071
3 1074
3 1108
3 1155
3 1176
3 1186
3 1193
3 1196
3 1210
3 1245
3 1254
3 1285
3 1309
3 1330
3 1401
4 12
4 19
4 20
4 23
4 33
4 40
4 60
4 62
4 75
4 108
4 121
4 144
4 159
4 198
4 251
4 274
4 288
4 307
4 361
4 387
4 499
4 578
4 649
4 772
4 776
4 801
4 834
4 1128
4 1129
4 1148
4 1171
4 1256
5 6
5 16
5 21
5 22
5 31
5 43
5 48
5 53
5 61
5 65
5 71
5 81
5 87
5 96
5 102
5 123
5 136
5 153
5 174
5 186
5 193
5 196
5 200
5 215
5 288
5 301
5 311
5 330
5 357
5 371
5 425
5 434
5 448
5 464
5 468
5 489
5 539
5 544
5 553
5 555
5 610
5 633
5 637
5 689
5 741
5 751
5 762
5 766
5 771
5 783
5 790
5 818
5 841
5 848
5 910
5 911
5 923
5 959
5 972
5 981
5 1021
5 1027
5 1067
5 1075
5 1122
5 1132
5 1204
5 1253
5 1254
5 1272
5 1273
5 1276
5 1334
5 1406
5 1483
5 1496
6 8
6 24
6 48
6 62
6 78
6 132
6 191
6 267
6 308
6 326
6 361
6 369
6 375
6 550
6 590
6 817
6 828
6 953
6 1171
6 1234
6 1259
6 1311
7 9
7 10
7 14
7 15
7 35
7 56
7 67
7 78
7 88
7 100
7 139
7 185
7 243
7 252
7 329
7 371
7 373
7 433
7 614
7 670
7 819
7 852
7 1012
7 1234
7 1284
7 1382
7 1421
7 1480
7 1494
8 18
8 56
8 133
8 161
8 173
8 181
8 216
8 227
8 247
8 516
8 601
8 615
8 646
8 651
8 713
8 1137
8 1158
8 1209
8 1313
8 1351
8 1424
9 32
9 42
9 54
9 55
9 98
9 114
9 132
9 149
9 158
9 188
9 194
9 337
9 443
9 576
9 598
9 624
9 675
9 720
9 722
9 781
9 802
9 983
9 993
9 997
9 1121
9 1161
9 1203
9 1232
10 26
10 30
10 207
10 391
10 580
10 736
10 777
10 831
10 898
11 13
11 18
11 53
11 70
11 119
11 126
11 127
11 135
11 174
11 220
11 223
11 236
11 254
11 269
11 305
11 322
11 323
11 368
11 388
11 408
11 412
11 414
11 415
11 431
11 435
11 456
11 483
11 534
11 554
11 608
11 693
11 699
11 745
11 779
11 791
11 847
11 887
11 1149
11 1187
11 1201
11 1229
11 1230
11 1250
11 1283
11 1416
11 1422
11 1459
11 1487
12 51
12 57
12 310
12 420
13 21
13 25
13 37
13 44
13 47
13 55
13 97
13 105
13 111
13 123
13 142
13 151
13 156
13 159
13 184
13 186
13 230
13 245
13 246
13 254
13 295
13 296
13 321
13 326
13 373
13 383
13 398
13 405
13 445
13 477
13 482
13 592
13 640
13 671
13 746
13 891
13 906
13 922
13 948
13 1010
13 1030
13 1038
13 1042
13 1200
13 1344
13 1373
13 1381
13 1398
14 29
14 51
14 57
14 63
14 97
14 127
14 152
14 215
14 217
14 297
14 374
14 401
14 593
14 639
14 726
14 737
14 744
14 1324
15 76
15 103
15 117
15 313
15 314
15 513
15 713
15 850
15 952
15 1063
15 1426
16 37
16 68
16 303
16 623
16 1003
16 1199
16 1350
17 29
17 45
17 81
17 172
17 195
17 205
17 228
17 276
17 375
17 410
17 442
17 514
17 521
17 575
17 667
17 868
17 1058
17 1184
17 1457
17 1475
18 19
18 27
18 33
18 38
18 147
18 178
18 261
18 308
18 426
18 562
18 715
18 808
18 863
18 933
18 954
18 971
18 984
18 1023
18 1073
18 1434
18 1481
18 1488
19 25
19 47
19 77
19 128
19 131
19 232
19 311
19 312
19 336
19 471
19 533
19 608
19 630
19 759
19 834
19 900
19 1076
19 1107
19 1126
19 1245
19 1275
20 41
20 50
20 61
20 87
20 168
20 217
20 242
20 423
20 440
20 626
20 628
20 754
20 762
20 916
20 938
20 1093
20 1102
20 1221
20 1316
20 1383
21 27
21 64
21 70
21 131
21 156
21 193
21 451
21 468
21 529
21 698
21 1081
21 1379
22 350
22 532
22 1103
23 44
23 112
23 417
23 793
23 800
24 492
24 649
24 932
24 1310
24 1413
25 38
25 535
25 830
26 50
26 96
26 113
26 140
26 181
26 198
26 237
26 351
26 585
26 823
26 880
26 1009
26 1089
26 1119
26 1169
26 1357
27 28
27 32
27 84
27 147
27 248
27 340
27 457
27 572
27 796
27 1060
27 1353
27 1359
28 30
28 36
28 39
28 145
28 319
28 604
28 623
28 787
28 1030
29 93
29 94
29 125
29 271
29 273
29 520
29 782
30 34
30 46
30 64
30 69
30 80
30 89
30 110
30 128
30 180
30 218
30 334
30 430
30 591
30 594
30 647
30 687
30 719
30 893
30 959
30 982
30 1011
30 1241
30 1244
30 1352
30 1386
31 134
31 166
31 231
31 1084
32 151
32 372
32 465
32 505
32 546
32 1033
32 1262
33 35
33 52
33 86
33 92
33 130
33 164
33 267
33 470
33 697
33 704
33 705
33 725
33 934
33 962
33 965
33 1017
33 1026
33 1088
33 1363
33 1402
33 1469
34 284
34 313
34 729
34 785
34 1409
35 101
35 202
35 209
35 298
35 1195
36 103
36 116
36 183
37 117
37 261
37 264
37 1106
38 143
38 290
38 474
38 485
38 501
38 518
38 574
38 616
38 641
38 703
38 1092
38 1251
38 1477
39 41
39 187
39 341
39 356
39 360
39 411
39 464
39 512
39 556
39 695
39 761
39 820
39 1307
40 1105
40 1280
40 1440
41 89
41 189
41 275
41 298
41 339
41 731
41 795
41 942
41 1036
42 248
42 256
43 188
44 66
44 86
44 221
44 262
44 467
44 961
44 1000
45 180
45 252
45 305
45 664
45 676
45 886
45 907
45 1498
46 126
46 611
46 617
47 63
47 65
47 170
47 363
47 390
47 460
47 655
47 905
47 1207
47 1463
47 1472
48 82
48 91
48 140
48 318
48 336
48 348
48 455
48 491
48 658
48 697
48 797
48 851
48 949
48 1157
48 1242
49 76
49 167
49 303
49 663
49 770
49 826
49 1273
50 99
51 73
51 114
51 208
51 399
51 519
51 733
51 800
51 1209
51 1266
51 1271
51 1292
51 1446
52 69
52 304
52 365
52 396
52 696
52 844
52 1095
52 1387
53 99
53 148
53 1430
54 192
55 80
55 143
55 393
55 402
55 460
55 507
55 553
55 655
55 753
55 774
55 874
55 993
55 1300
56 94
56 129
57 58
57 77
57 98
57 155
57 199
57 345
57 386
57 418
57 438
57 766
57 820
57 1159
57 1323
57 1334
58 59
58 122
58 149
58 162
58 182
58 315
58 353
58 355
58 393
58 495
58 611
58 669
58 673
58 801
58 881
58 928
58 955
58 1028
58 1078
58 1080
58 1138
58 1224
58 1240
58 1362
59 317
59 412
59 506
59 679
59 700
60 73
60 112
60 134
60 141
60 218
60 225
60 253
60 282
60 349
60 597
60 1117
60 1468
60 1499
61 105
61 111
61 214
61 333
61 391
61 395
61 446
61 498
61 555
61 669
61 730
61 940
61 1044
61 1158
61 1345
61 1432
62 74
62 107
62 177
62 589
62 628
62 850
62 864
62 1165
63 72
63 256
63 263
63 596
63 612
63 646
64 1134
65 257
65 380
65 403
65 486
65 926
65 1133
65 1321
66 148
66 320
66 519
67 84
67 157
67 164
67 206
67 207
67 224
67 258
67 263
67 269
67 312
67 314
67 368
67 380
67 475
67 533
67 573
67 674
67 765
67 1202
67 1278
67 1410
70 221
70 551
71 100
71 195
71 227
71 286
71 343
71 378
71 419
71 487
71 564
71 746
71 822
71 926
71 1294
71 1438
72 79
72 277
72 415
72 480
72 559
72 577
72 677
72 755
73 137
73 203
73 234
73 360
73 384
73 568
73 610
73 639
73 976
73 1036
73 1123
73 1380
74 85
74 122
74 212
74 235
74 244
74 255
74 331
74 366
74 590
74 660
74 737
74 795
74 818
74 908
74 1108
74 1384
74 1415
74 1483
75 160
75 219
75 432
75 645
75 682
75 912
75 923
75 931
75 1143
75 1260
76 211
76 399
76 401
76 451
76 1247
76 1463
77 95
77 153
77 175
77 228
77 309
77 335
77 344
77 442
77 444
77 447
77 453
77 512
77 559
77 570
77 716
77 849
77 863
77 991
77 1085
77 1433
77 1468
78 95
78 233
78 727
78 990
79 116
79 124
79 347
79 390
79 817
79 974
79 1048
79 1466
79 1476
80 157
80 614
80 719
80 783
80 1443
81 92
81 139
81 158
81 413
81 1031
81 1112
82 83
82 190
82 200
82 204
82 280
82 437
82 724
82 739
82 769
82 1100
82 1431
83 125
83 182
83 232
83 347
83 358
83 394
84 797
84 909
85 108
85 224
85 233
85 370
85 549
85 583
85 899
85 1078
85 1395
85 1428
86 102
86 430
86 500
86 701
86 799
86 1205
87 88
87 469
87 871
87 966
88 160
88 281
88 383
88 433
88 573
88 749
88 853
88 925
88 964
88 1020
88 1236
89 289
89 718
90 363
90 502
91 115
91 118
91 137
91 321
91 377
91 585
91 644
91 732
91 984
91 1246
91 1370
91 1375
92 93
92 161
92 588
92 599
92 743
92 744
92 1240
92 1410
93 110
93 115
93 154
93 370
93 462
93 497
93 909
93 1054
93 1096
94 376
94 378
94 450
94 1393
95 306
95 457
95 1010
96 725
96 1056
97 461
97 1215
97 1288
98 109
98 342
98 372
98 606
98 845
98 1006
98 1089
98 1358
99 501
99 640
99 1154
100 860
101 136
101 171
101 258
101 325
101 644
101 731
101 1292
102 142
102 272
102 541
102 690
102 941
103 239
103 329
103 488
103 503
103 824
104 150
104 364
104 446
104 479
104 487
104 527
104 584
104 768
104 1114
104 1236
106 223
106 352
106 598
107 226
107 479
107 975
107 999
107 1269
107 1296
108 194
108 444
108 629
108 654
108 758
108 829
109 120
109 209
109 230
109 382
109 657
109 661
109 700
109 859
109 1096
109 1115
110 145
110 177
110 178
110 220
110 328
110 333
110 354
110 404
110 419
110 496
110 530
110 652
110 681
110 699
110 707
110 862
110 864
110 881
110 1189
110 1418
111 120
111 176
111 214
111 242
111 285
111 484
111 618
111 666
111 682
111 1174
111 1264
112 166
112 526
113 146
113 202
113 482
113 551
113 917
113 949
113 1110
114 526
115 138
115 429
116 163
116 225
116 297
116 491
116 764
117 1288
117 1472
118 133
118 425
119 190
119 205
119 300
119 538
119 871
119 1081
119 1141
119 1264
119 1314
120 299
120 302
120 338
120 672
120 706
120 895
120 1013
120 1197
122 135
123 129
123 155
123 191
123 243
123 250
123 260
123 316
123 369
123 426
123 495
123 564
123 812
123 843
123 885
123 1068
123 1194
124 409
124 563
124 738
125 146
125 404
125 765
125 789
125 793
125 1020
125 1053
125 1249
125 1449
126 222
126 582
127 163
127 212
127 302
127 359
127 523
127 531
127 548
127 692
127 754
127 857
127 913
127 1152
127 1192
127 1197
127 1257
128 183
128 729
128 1029
128 1113
128 1164
128 1173
128 1405
129 989
129 1211
130 144
130 203
130 219
130 381
130 450
130 816
130 1004
130 1213
130 1461
131 833
132 283
132 291
132 769
132 1283
132 1400
133 196
133 1386
133 1390
133 1435
134 301
134 561
134 632
134 918
134 938
134 1261
134 1384
135 208
135 1046
135 1267
136 168
136 346
136 376
136 385
136 439
136 522
136 557
136 561
136 785
136 867
136 877
136 912
136 916
136 1133
136 1166
136 1274
136 1400
138 152
138 239
138 315
138 332
138 507
138 571
138 753
138 858
138 1225
138 1248
138 1256
138 1302
138 1307
138 1441
138 1467
139 293
139 543
139 587
139 986
139 988
139 996
139 1027
141 206
141 484
141 523
141 543
141 775
141 1062
141 1121
141 1388
141 1457
142 229
142 268
142 366
142 840
142 901
142 905
142 1001
142 1067
142 1201
143 328
143 465
144 384
144 1189
144 1484
145 423
145 490
145 847
146 197
146 1290
147 780
147 920
147 1146
148 185
148 408
148 414
148 602
148 1325
149 154
149 213
149 276
149 279
149 295
149 306
149 477
149 613
149 752
149 842
149 1208
150 165
150 354
150 470
150 601
150 963
150 1127
151 1175
151 1255
152 201
152 246
152 341
152 455
152 809
152 933
152 946
152 1023
152 1066
152 1308
153 379
153 528
153 777
155 187
155 262
155 271
155 891
155 941
155 945
156 343
156 395
156 438
156 674
156 1301
157 1065
158 257
158 382
158 822
158 827
161 171
161 175
161 176
161 238
161 287
161 294
161 421
161 511
161 532
161 581
161 621
161 734
161 736
161 983
161 1062
161 1119
161 1419
162 169
162 173
162 184
162 211
162 255
162 335
162 386
162 416
162 565
162 629
162 696
162 774
162 1071
162 1125
162 1290
162 1347
162 1480
163 310
164 727
164 987
166 197
166 1116
167 1090
167 1145
167 1308
168 237
168 582
168 837
168 1250
170 429
170 624
171 403
171 694
172 1051
173 365
173 755
173 1035
174 996
175 609
176 1049
177 422
177 718
177 888
177 1045
178 179
178 247
178 270
178 670
178 1226
178 1479
179 192
179 226
179 319
179 394
179 480
179 967
179 1007
179 1204
179 1333
180 299
180 684
181 290
181 635
181 1447
183 803
183 944
183 1098
184 331
184 554
184 1066
184 1312
185 270
185 275
186 210
186 216
186 240
186 362
186 379
186 475
186 558
186 605
186 643
186 723
186 742
186 767
186 821
186 843
186 1314
186 1385
187 210
187 250
187 525
187 1013
188 241
188 536
188 808
188 1416
189 296
189 466
189 874
189 981
189 1006
189 1008
189 1169
190 285
190 348
192 459
192 593
192 714
192 855
192 1060
192 1123
193 244
193 309
193 420
193 540
193 730
193 960
193 1474
195 346
195 815
195 823
195 1131
195 1330
196 861
197 289
197 461
197 508
197 565
197 722
197 739
197 869
197 998
197 1008
197 1059
197 1328
197 1452
197 1458
197 1486
198 616
198 1095
198 1325
199 648
200 265
200 454
200 708
200 1111
200 1296
200 1328
201 381
202 799
203 520
203 546
203 814
203 860
203 1097
204 449
204 454
204 499
204 572
204 604
204 693
204 1028
204 1219
204 1366
205 569
206 763
206 1077
207 266
207 815
207 1282
208 320
208 592
208 609
208 678
208 968
209 260
209 374
209 406
209 428
209 452
209 728
209 1315
209 1429
210 377
211 794
212 213
212 1286
213 510
213 630
213 788
213 1329
214 222
214 294
214 591
215 234
215 249
215 324
215 568
215 836
215 945
215 1466
217 651
217 915
217 1151
219 1213
220 229
220 692
220 1031
221 978
221 1117
222 1024
223 531
223 562
223 780
223 1050
223 1229
223 1263
225 557
225 715
226 231
226 236
226 259
226 316
226 528
226 571
226 702
226 717
226 786
226 1069
226 1211
227 279
227 517
227 597
227 988
227 1455
228 986
229 588
229 1140
230 324
230 359
230 481
232 352
232 473
232 510
232 579
232 675
232 717
232 1046
232 1359
233 574
234 400
234 747
235 600
235 854
235 1016
235 1100
235 1194
235 1302
236 286
236 1051
237 355
240 1298
242 278
242 478
242 506
242 1118
243 542
243 974
244 1445
244 1455
246 253
246 300
246 509
246 641
246 673
246 760
246 1039
246 1102
246 1259
246 1274
247 684
247 806
248 422
248 453
248 738
248 1099
249 405
249 489
249 702
251 277
251 327
251 595
251 814
251 911
251 1439
251 1442
251 1495
252 266
252 431
252 1299
252 1366
253 293
253 389
253 443
253 947
253 1118
253 1135
254 274
254 434
254 513
254 813
255 259
255 292
255 323
255 353
255 612
255 667
255 732
255 1064
256 421
256 462
256 1239
257 367
257 494
257 928
257 1041
257 1124
257 1138
258 428
258 1437
259 268
259 1237
261 1490
262 273
262 764
262 1093
263 264
263 518
263 577
263 659
263 937
263 1299
263 1375
263 1458
263 1481
265 653
266 392
266 632
266 634
267 292
267 560
268 1298
269 339
270 452
270 615
270 742
270 1154
270 1404
271 540
271 806
272 813
272 1231
273 589
273 1014
273 1367
275 677
275 1079
275 1082
277 284
277 485
277 633
277 688
277 704
277 869
277 875
278 283
278 440
278 603
278 683
278 691
278 908
279 291
279 318
279 516
280 832
281 552
281 1098
283 358
283 472
283 811
283 1120
283 1172
283 1396
283 1451
283 1482
285 398
286 989
287 304
287 327
287 409
287 410
287 418
287 474
288 400
289 436
289 459
289 620
289 796
289 979
289 1101
289 1246
289 1271
289 1397
290 411
290 660
290 711
290 1113
291 350
291 524
292 587
292 654
292 687
292 709
292 745
292 917
292 1033
292 1091
292 1183
292 1323
292 1335
293 688
294 362
294 416
294 447
294 664
294 671
294 865
294 958
294 1061
294 1216
294 1291
296 471
296 545
296 1091
297 463
297 663
298 712
298 1026
298 1080
300 1447
301 448
301 976
301 1025
301 1044
301 1156
303 541
304 686
304 1000
305 885
306 570
308 802
308 827
308 1253
308 1406
310 322
310 721
310 748
310 1195
310 1470
311 1072
312 332
312 342
312 357
312 903
312 995
312 1445
313 463
313 1191
315 492
315 698
316 449
316 740
316 835
317 735
317 835
317 968
319 549
319 689
319 876
319 1049
319 1464
323 466
323 613
325 1281
326 642
326 1430
327 334
328 351
328 595
328 791
328 898
328 1360
329 776
329 1190
330 994
331 759
332 407
332 833
332 967
332 1212
332 1492
333 522
333 566
333 1383
335 345
335 618
335 1012
335 1079
336 356
336 894
337 954
337 1129
337 1186
337 1217
337 1424
337 1443
338 517
338 647
338 707
338 710
338 757
338 1268
339 441
339 840
339 1225
340 385
340 472
340 476
340 539
340 622
340 653
340 665
340 826
340 970
340 1146
344 701
344 758
344 838
344 951
344 1228
344 1411
346 1248
348 1327
348 1418
349 856
349 896
349 1491
352 537
352 665
352 1178
352 1407
353 1135
353 1270
354 961
355 578
355 625
355 724
355 857
355 1126
355 1241
355 1389
356 627
356 720
356 903
356 1285
356 1294
356 1395
356 1444
357 1176
358 934
358 969
359 853
360 387
360 836
361 703
361 972
364 445
364 527
364 656
365 406
365 721
365 854
365 868
366 397
366 668
366 1352
367 1014
367 1048
367 1130
367 1212
369 638
369 982
369 1206
369 1277
370 435
370 458
370 935
370 1122
370 1207
371 545
371 622
371 679
371 870
371 887
371 1404
372 1001
372 1144
372 1322
372 1342
372 1376
373 890
374 919
374 1488
377 530
377 821
378 599
378 773
378 884
378 942
378 1417
380 1136
380 1397
383 389
383 712
383 994
383 1356
383 1420
384 852
384 1018
384 1047
384 1167
385 594
387 563
387 1037
388 1162
388 1278
388 1374
390 493
390 1190
391 1412
392 1147
393 505
393 550
393 914
393 1306
394 743
394 958
394 1127
395 556
395 567
395 1052
395 1339
396 586
399 502
399 733
399 895
400 498
400 626
400 792
400 1052
400 1128
401 1162
401 1333
402 1163
402 1238
405 504
405 809
405 810
405 1141
406 417
407 957
408 467
408 1227
409 534
409 1038
411 542
411 767
411 978
412 778
412 1131
413 569
413 1183
414 805
415 638
415 992
415 1053
415 1139
416 441
416 581
416 1448
417 728
417 782
417 883
417 1143
418 436
418 637
418 1353
418 1479
419 456
419 486
419 579
420 566
420 620
420 652
420 790
420 866
420 915
420 1182
420 1341
420 1405
420 1460
421 424
421 488
421 873
421 927
421 952
421 1110
421 1432
423 770
424 772
424 832
426 481
426 760
426 825
426 979
426 1329
427 548
427 862
427 1022
427 1034
427 1139
427 1347
428 1210
429 1104
430 685
430 1230
432 547
432 659
432 705
433 535
433 575
433 1047
433 1260
434 544
434 786
434 910
435 904
435 1086
437 1184
438 678
438 1393
439 943
441 473
441 726
441 838
441 1056
442 496
442 511
442 1002
442 1287
446 515
446 580
446 1070
448 508
448 1032
449 521
449 894
449 1373
450 476
452 951
454 1097
455 596
455 927
456 1489
457 607
457 1086
457 1419
458 514
458 1338
459 607
460 537
460 907
462 1477
463 897
464 1094
464 1459
465 1423
466 552
466 1180
468 642
468 662
470 657
470 937
470 1002
470 1082
470 1414
470 1427
471 756
471 875
471 1073
472 483
472 861
472 901
472 1244
472 1341
474 538
474 824
474 1022
474 1394
475 773
475 842
475 859
475 1170
475 1399
476 1104
478 676
478 953
479 939
479 1467
480 1306
481 1050
481 1087
482 619
483 497
483 873
483 1039
483 1233
485 1223
487 494
487 662
487 1312
487 1453
487 1454
491 560
491 1136
492 839
492 1009
492 1016
492 1465
493 584
493 666
493 929
493 1493
494 583
494 695
494 734
494 798
494 1150
494 1377
496 1035
496 1427
498 500
498 1179
499 787
499 1436
502 1336
503 1305
505 602
505 1114
505 1478
506 784
506 896
506 1018
506 1378
509 906
511 930
513 606
513 1109
513 1339
514 723
514 1280
514 1491
515 804
515 1331
517 1198
518 816
518 1435
519 1088
524 627
525 856
525 1168
525 1269
527 956
528 625
528 1403
529 631
529 925
530 645
531 750
531 1187
532 897
532 977
532 1192
532 1369
533 837
534 761
534 1055
537 1032
537 1193
538 788
538 921
538 1115
538 1153
538 1228
538 1235
538 1349
540 867
540 1075
541 1072
542 1214
546 694
547 866
547 1497
548 617
548 691
548 757
548 1101
548 1206
548 1293
548 1335
549 636
550 683
553 920
554 680
556 991
558 709
559 919
560 1415
562 1340
562 1377
564 828
564 893
564 950
564 1125
564 1276
565 576
565 768
565 784
565 995
565 1235
565 1379
566 1242
566 1370
567 1279
567 1344
571 586
571 605
573 1094
575 841
575 998
577 685
577 1069
577 1381
580 922
582 1151
583 779
584 1374
585 1017
586 1165
587 661
587 1227
587 1265
587 1324
588 899
589 1057
592 650
593 1147
593 1469
594 635
594 889
594 1164
595 636
595 914
595 1496
596 1291
596 1456
598 892
599 1105
601 819
601 936
601 975
602 1175
603 1346
606 792
606 992
606 1077
609 686
611 962
616 656
617 631
617 643
617 735
620 848
620 1137
620 1258
625 1124
626 1348
627 1317
628 1429
630 957
630 1367
631 849
633 1055
633 1160
634 756
637 803
637 811
637 1167
637 1372
637 1471
640 902
643 878
643 1181
645 970
645 1232
646 741
646 1425
647 1261
648 1391
649 1331
649 1354
650 710
650 1362
651 1059
652 999
652 1219
652 1281
652 1319
653 1011
658 708
658 1217
660 883
660 921
664 775
664 1368
665 1303
667 1258
668 1005
668 1170
670 1222
670 1394
670 1438
672 690
673 1024
673 1155
674 1166
675 973
676 1140
677 812
678 890
678 1111
679 1473
680 749
680 807
681 947
682 1198
682 1332
683 1336
685 997
687 752
687 1214
689 1340
690 805
690 877
690 1181
690 1185
691 882
691 1179
691 1318
692 763
692 845
692 950
694 900
694 1485
696 1199
698 879
698 936
699 1173
701 1408
702 1286
708 1318
709 1177
710 1233
711 1287
712 831
713 1218
714 1043
715 1390
718 810
719 794
720 1007
721 929
722 1348
724 846
726 851
728 807
731 844
731 892
731 1243
733 946
733 1231
734 944
734 1132
735 955
736 963
739 789
739 931
739 1087
739 1484
740 966
740 1327
742 1437
746 1145
746 1172
749 1149
753 1448
755 830
757 1025
760 1188
763 839
763 1380
764 804
764 932
766 1222
769 858
770 971
771 1304
772 1317
774 1320
776 829
779 1293
789 1188
796 969
797 1116
798 1076
799 1319
804 872
804 1295
805 1303
808 1355
810 1196
811 985
812 825
812 1220
816 904
816 1054
816 1130
820 1262
820 1361
820 1474
822 1216
825 876
825 1356
825 1450
830 1326
834 855
834 902
835 1238
836 964
836 1412
837 1042
838 882
838 1103
838 1120
838 1142
838 1346
838 1382
839 1156
841 1401
844 1284
845 1460
849 1070
850 1040
855 1153
855 1392
857 1083
859 1434
859 1441
860 985
861 913
861 1021
862 880
862 1041
862 1297
868 930
868 1369
869 879
869 1063
869 1185
869 1358
872 1144
872 1326
872 1476
874 1361
875 1409
876 1407
881 940
881 1191
881 1289
882 1142
883 973
883 1321
883 1345
886 1421
888 1279
892 935
892 1084
892 1473
895 1282
897 1490
898 1497
900 1252
901 1015
906 918
906 1085
906 1159
907 1074
907 1428
908 1470
909 943
914 1243
917 948
919 1083
919 1425
919 1492
921 956
926 1266
926 1354
928 960
930 1220
931 1399
937 1320
938 1403
939 1313
940 1237
940 1289
947 1168
948 980
948 1160
948 1357
949 1385
951 1453
955 1257
956 1221
960 1177
960 1444
961 1208
965 1451
966 1247
968 1270
970 1150
972 1316
975 1426
981 1090
984 1161
984 1365
985 990
987 1157
991 1422
996 1005
997 1413
998 1268
1002 1043
1002 1471
1003 1304
1003 1338
1005 1305
1009 1107
1012 1239
1015 1019
1018 1368
1021 1417
1022 1203
1022 1371
1024 1475
1028 1109
1032 1040
1036 1106
1037 1092
1037 1180
1037 1277
1037 1489
1039 1411
1047 1391
1051 1297
1057 1408
1062 1182
1062 1433
1063 1450
1064 1202
1066 1462
1067 1342
1068 1464
1083 1295
1090 1272
1091 1449
1092 1482
1095 1224
1098 1099
1098 1112
1105 1494
1106 1310
1106 1332
1110 1163
1111 1200
1119 1134
1119 1363
1119 1389
1127 1223
1131 1205
1131 1364
1132 1440
1135 1337
1140 1174
1147 1311
1150 1337
1151 1178
1172 1315
1185 1267
1188 1215
1192 1414
1197 1218
1206 1420
1208 1439
1215 1360
1217 1251
1218 1275
1219 1396
1221 1392
1240 1301
1242 1456
1246 1350
1246 1372
1253 1446
1259 1300
1273 1387
1274 1365
1280 1454
1288 1349
1290 1462
1297 1378
1310 1465
1323 1478
1324 1485
1329 1388
1330 1402
1338 1364
1348 1461
1357 1371
1370 1398
1395 1436
1398 1452
1433 1498
1461 1493
1466 1495
1487 1499
