500 996
0 2
0 3
0 4
0 6
0 11
0 12
0 15
0 18
0 19
0 23
0 25
0 28
0 29
0 33
0 38
0 47
0 54
0 60
0 62
0 65
0 67
0 71
0 76
0 79
0 94
0 99
0 107
0 113
0 120
0 122
0 124
0 146
0 151
0 192
0 213
0 221
0 226
0 233
0 250
0 292
0 302
0 311
0 313
0 325
0 331
0 334
0 339
0 351
0 362
0 427
0 457
0 460
0 479
0 481
0 484
0 489
0 491
1 2
1 3
1 4
1 5
1 9
1 16
1 20
1 24
1 37
1 42
1 43
1 63
1 86
1 143
1 181
1 182
1 186
1 190
1 191
1 208
1 245
1 287
1 292
1 466
2 26
2 31
2 32
2 53
2 89
2 134
2 142
2 176
2 234
2 357
3 6
3 7
3 8
3 10
3 14
3 16
3 18
3 19
3 27
3 39
3 44
3 49
3 56
3 70
3 103
3 111
3 113
3 119
3 125
3 131
3 135
3 148
3 153
3 171
3 187
3 211
3 222
3 227
3 240
3 289
3 320
3 328
3 330
3 333
3 337
3 363
3 396
3 463
4 5
4 7
4 9
4 21
4 29
4 36
4 46
4 75
4 92
4 104
4 135
4 136
4 148
4 165
4 176
4 187
4 200
4 202
4 208
4 229
4 236
4 247
4 284
4 303
4 308
4 315
4 323
4 324
4 336
4 382
4 411
4 428
4 492
5 8
5 13
5 14
5 31
5 34
5 45
5 65
5 71
5 75
5 130
5 139
5 141
5 150
5 151
5 172
5 177
5 205
5 231
5 246
5 267
5 375
5 432
5 437
7 161
7 197
7 298
7 337
7 432
8 11
8 35
8 36
8 45
8 58
8 78
8 134
8 145
8 210
8 211
8 242
8 341
9 10
9 12
9 26
9 44
9 57
9 149
9 157
9 159
9 218
9 220
9 314
9 408
9 465
10 21
10 35
10 40
10 41
10 58
10 61
10 64
10 84
10 92
10 97
10 120
10 127
10 182
10 196
10 209
10 226
10 252
10 273
10 279
10 290
10 389
10 409
10 415
10 417
10 451
10 462
11 20
11 22
11 25
11 74
11 275
11 343
12 13
12 15
12 17
12 69
12 146
12 190
12 227
12 287
12 342
12 371
12 486
13 23
13 34
13 86
13 127
13 137
13 181
13 184
13 207
13 237
13 245
13 266
13 275
13 278
13 289
13 310
13 312
13 326
13 363
13 459
13 493
14 17
14 30
14 78
14 109
14 114
14 140
14 242
14 243
14 295
14 392
14 490
14 494
15 53
15 261
16 68
16 329
17 180
18 22
18 67
18 89
18 104
19 32
19 87
19 239
19 409
19 419
19 460
19 475
20 27
20 28
20 33
20 39
20 49
20 51
20 85
20 372
20 482
21 95
21 133
21 157
21 279
21 379
21 443
21 458
21 471
22 249
23 24
23 37
23 40
23 43
23 47
23 66
23 96
23 116
23 130
23 147
23 160
23 202
23 251
23 286
23 321
23 362
23 379
23 407
23 441
24 180
24 277
24 316
24 401
24 429
25 349
25 443
26 51
26 91
26 124
26 144
26 433
27 30
27 232
27 253
27 445
28 59
28 80
28 112
28 128
28 233
28 280
28 293
28 423
29 42
29 59
29 69
29 96
29 169
29 198
29 218
29 369
30 52
30 91
30 395
30 484
31 236
32 85
32 121
32 153
32 188
32 304
33 64
33 260
33 427
34 57
34 101
34 110
34 117
34 163
34 173
34 183
34 213
34 214
34 376
34 383
35 41
36 46
36 66
36 77
36 90
36 97
36 118
36 121
36 229
36 247
36 294
36 318
36 338
36 421
36 469
36 495
37 38
37 48
37 50
37 55
37 77
37 110
37 123
37 172
37 174
37 217
37 367
37 472
38 115
39 82
39 219
39 309
39 344
39 437
39 488
39 498
40 72
40 81
40 142
40 305
40 365
40 394
40 428
41 72
42 48
42 62
42 68
42 74
42 93
42 94
42 98
42 139
42 189
42 214
42 257
42 259
42 283
42 348
42 367
42 381
42 387
42 413
42 425
42 444
42 453
42 455
42 499
43 99
43 160
43 244
44 90
44 107
44 119
44 141
44 154
44 201
44 223
44 276
44 327
44 335
44 341
44 356
44 406
45 149
45 154
45 374
47 82
47 170
47 333
47 381
47 434
47 476
48 50
48 56
48 61
48 70
48 87
48 108
48 163
48 164
48 166
48 179
48 189
48 210
48 240
48 265
48 307
48 331
48 332
48 390
48 393
48 474
48 478
49 63
49 183
49 198
50 52
50 54
50 79
50 117
50 166
50 191
51 83
51 111
51 138
51 145
51 339
51 458
53 126
54 55
54 76
54 81
54 131
54 136
54 357
54 383
54 388
54 404
56 179
57 243
58 60
58 88
58 133
58 137
58 206
58 248
58 272
58 304
58 384
59 100
59 150
59 355
59 380
60 178
61 285
62 155
62 185
62 244
62 452
63 73
63 80
63 132
63 165
63 196
63 209
63 235
63 378
63 380
63 398
63 402
64 95
64 103
64 126
64 164
64 199
64 201
64 203
64 224
64 360
64 446
65 100
65 116
65 396
65 447
66 73
66 83
66 84
66 106
66 158
66 175
66 195
66 217
66 230
66 288
66 376
66 399
66 441
66 467
66 494
67 263
67 439
68 231
68 249
68 305
68 347
69 334
69 393
70 273
71 132
71 302
71 375
72 102
72 252
73 271
73 440
73 456
73 464
74 184
75 161
75 194
75 204
75 262
75 265
75 269
75 435
75 465
76 200
76 377
76 431
77 175
77 216
78 88
78 215
78 258
78 291
79 93
79 129
79 230
81 122
81 253
81 262
81 314
81 366
81 368
82 98
82 106
82 386
84 162
84 267
84 417
85 224
86 115
86 326
87 346
87 359
89 138
89 156
89 256
89 436
90 105
90 317
92 125
92 203
92 258
92 288
92 324
92 355
92 400
92 454
93 255
94 309
95 128
95 336
96 108
96 282
96 319
96 426
96 435
97 101
97 102
97 105
97 109
97 114
97 123
97 173
97 212
97 257
97 268
97 327
97 358
97 374
97 430
97 483
98 112
98 156
98 323
98 470
100 140
101 301
103 293
103 370
103 401
103 414
103 422
104 144
104 167
104 216
104 235
104 392
105 155
105 168
107 147
107 152
107 330
107 487
107 496
108 159
108 185
108 223
108 364
108 415
108 481
108 490
109 215
109 238
110 143
112 403
116 118
116 129
116 221
116 225
116 251
116 311
116 321
116 344
116 438
117 220
117 260
117 353
118 238
118 360
120 473
121 307
123 174
124 316
125 193
125 335
125 378
125 470
126 349
126 358
126 405
126 447
126 450
127 170
127 194
127 296
127 385
128 195
129 274
129 297
129 342
129 420
130 299
130 499
132 158
134 197
134 256
134 280
135 188
135 442
136 385
137 162
137 169
137 178
137 205
137 422
139 271
139 430
141 192
141 448
143 167
143 306
143 318
143 370
144 193
146 322
147 246
147 340
147 407
147 471
149 152
149 171
149 414
152 168
156 263
159 300
161 177
164 477
165 296
165 338
165 366
165 477
166 438
166 486
167 488
168 403
168 418
169 232
169 281
169 413
171 204
171 269
172 483
173 228
173 237
173 399
173 421
174 186
174 228
174 306
174 404
175 225
175 254
175 290
175 297
175 308
179 234
179 440
180 317
180 350
180 369
180 472
183 420
185 206
185 282
189 266
189 398
191 328
191 454
192 219
192 270
192 301
192 352
193 274
195 199
195 207
195 241
195 283
197 353
198 239
204 259
205 406
206 264
206 319
207 315
207 347
207 487
209 212
210 352
210 449
211 377
213 254
214 255
214 291
214 313
214 350
214 354
216 222
216 276
216 284
216 364
218 322
219 424
221 241
221 248
221 390
222 300
222 325
222 356
222 493
223 431
224 348
225 495
227 457
228 345
228 468
234 387
234 498
235 485
238 270
238 384
241 345
241 389
241 400
241 442
241 453
242 272
242 281
242 340
245 264
247 250
247 277
247 332
247 373
247 473
249 391
251 261
251 382
253 451
255 365
262 278
267 268
267 329
269 286
270 480
272 285
272 295
276 461
281 294
282 418
283 312
283 411
283 439
284 397
284 444
285 456
288 446
289 459
290 343
290 372
291 346
293 361
293 448
294 397
295 320
296 299
297 298
298 310
300 303
300 449
303 462
304 416
304 464
309 445
311 391
311 497
315 429
315 485
317 359
322 419
323 482
325 434
326 351
327 371
328 410
328 489
331 373
331 386
338 368
339 395
339 463
344 416
344 424
345 361
345 394
351 354
352 405
352 478
352 496
358 412
360 412
361 461
361 469
371 388
371 425
376 408
376 423
378 402
380 480
383 410
391 492
392 426
398 455
398 476
403 466
415 436
420 475
421 467
421 491
424 468
430 433
431 497
439 450
439 452
439 474
477 479
