2500 4996
0 2
0 3
0 4
0 5
0 20
0 59
0 67
0 75
0 82
0 125
0 135
0 153
0 163
0 168
0 173
0 198
0 219
0 230
0 259
0 277
0 332
0 374
0 393
0 414
0 453
0 471
0 570
0 583
0 660
0 733
0 738
0 761
0 872
0 913
0 994
0 1017
0 1063
0 1137
0 1177
0 1192
0 1261
0 1311
0 1373
0 1484
0 1486
0 1746
0 1786
0 1817
0 2038
0 2134
0 2189
0 2228
0 2247
0 2249
0 2283
0 2326
0 2406
0 2453
1 2
1 3
1 4
1 5
1 7
1 8
1 10
1 14
1 16
1 17
1 21
1 27
1 28
1 33
1 40
1 41
1 60
1 61
1 62
1 78
1 83
1 91
1 106
1 126
1 150
1 159
1 165
1 173
1 188
1 206
1 207
1 208
1 227
1 246
1 249
1 264
1 265
1 278
1 279
1 280
1 292
1 296
1 345
1 348
1 376
1 398
1 412
1 423
1 465
1 467
1 535
1 538
1 546
1 556
1 596
1 623
1 626
1 636
1 638
1 658
1 672
1 703
1 716
1 740
1 767
1 833
1 866
1 926
1 950
1 966
1 1033
1 1067
1 1069
1 1196
1 1236
1 1240
1 1276
1 1327
1 1348
1 1386
1 1397
1 1423
1 1446
1 1454
1 1469
1 1490
1 1506
1 1512
1 1601
1 1641
1 1652
1 1736
1 1763
1 1883
1 1917
1 2073
1 2085
1 2124
1 2163
1 2165
1 2251
1 2332
1 2410
1 2420
1 2461
1 2467
1 2484
2 17
2 18
2 22
2 55
2 57
2 83
2 87
2 88
2 130
2 217
2 218
2 223
2 373
2 408
2 494
2 553
2 633
2 861
2 1011
2 1012
2 1228
2 1258
2 1297
2 1361
2 1802
3 6
3 7
3 13
3 20
3 34
3 42
3 43
3 48
3 50
3 56
3 58
3 64
3 72
3 73
3 76
3 93
3 97
3 109
3 120
3 121
3 167
3 184
3 186
3 255
3 260
3 290
3 328
3 378
3 386
3 431
3 476
3 477
3 513
3 516
3 522
3 574
3 577
3 593
3 660
3 694
3 725
3 745
3 789
3 790
3 792
3 863
3 867
3 922
3 1140
3 1159
3 1182
3 1183
3 1265
3 1337
3 1402
3 1445
3 1468
3 1474
3 1567
3 1575
3 1608
3 1688
3 1725
3 1765
3 1780
3 1789
3 1842
3 1864
3 1897
3 2200
3 2207
3 2239
3 2270
3 2361
3 2423
4 6
4 9
4 25
4 32
4 48
4 52
4 68
4 84
4 90
4 93
4 96
4 98
4 112
4 123
4 148
4 161
4 185
4 205
4 208
4 288
4 290
4 355
4 392
4 426
4 441
4 454
4 493
4 534
4 554
4 556
4 599
4 609
4 611
4 707
4 741
4 751
4 850
4 895
4 905
4 931
4 1022
4 1131
4 1236
4 1543
4 1581
4 1633
4 1704
4 1812
4 1831
4 1967
4 2382
4 2440
5 9
5 13
5 15
5 27
5 29
5 37
5 38
5 53
5 59
5 73
5 82
5 99
5 112
5 121
5 156
5 157
5 293
5 304
5 319
5 356
5 417
5 450
5 508
5 690
5 806
5 813
5 826
5 840
5 953
5 972
5 1036
5 1104
5 1111
5 1140
5 1183
5 1217
5 1235
5 1375
5 1430
5 1480
5 1742
5 1756
5 1799
5 1819
5 1843
5 1883
5 2048
5 2295
5 2420
6 8
6 10
6 11
6 12
6 19
6 23
6 24
6 30
6 51
6 55
6 108
6 110
6 130
6 169
6 180
6 195
6 229
6 243
6 245
6 261
6 304
6 431
6 460
6 489
6 618
6 643
6 656
6 661
6 691
6 717
6 776
6 876
6 900
6 925
6 927
6 935
6 990
6 1070
6 1129
6 1180
6 1216
6 1242
6 1418
6 1649
6 1720
6 1724
6 1732
6 1873
6 1963
6 2058
6 2101
6 2162
6 2187
6 2283
6 2365
6 2407
7 12
7 24
7 63
7 65
7 78
7 107
7 144
7 203
7 212
7 269
7 400
7 420
7 551
7 1009
7 1271
7 1287
7 1326
7 1344
7 1586
7 1743
7 1745
7 1844
7 1922
7 1983
7 2010
7 2310
8 15
8 18
8 41
8 43
8 66
8 67
8 77
8 137
8 139
8 184
8 212
8 250
8 253
8 297
8 368
8 381
8 383
8 434
8 460
8 493
8 498
8 645
8 762
8 764
8 771
8 860
8 867
8 897
8 1034
8 1056
8 1067
8 1337
8 1374
8 1478
8 1504
8 1657
8 1718
8 1750
8 1795
8 1803
8 1950
8 1952
8 2003
8 2022
8 2153
8 2161
8 2208
8 2305
8 2369
8 2438
8 2463
8 2481
9 22
9 44
9 46
9 95
9 129
9 154
9 201
9 215
9 217
9 222
9 230
9 234
9 292
9 378
9 1164
9 1225
9 1232
9 1286
9 1607
9 1633
9 1846
9 1908
9 2088
9 2231
9 2349
9 2374
9 2476
10 11
10 45
10 127
10 140
10 143
10 495
10 729
10 875
10 962
10 967
10 1046
10 1224
10 1232
10 1278
10 1671
10 1689
10 1914
10 2418
10 2493
11 30
11 31
11 39
11 47
11 79
11 95
11 221
11 300
11 504
11 589
11 784
11 857
11 976
11 998
11 1010
11 1267
11 1344
11 1389
11 1501
11 1509
11 1867
11 1968
11 1999
11 2262
12 16
12 36
12 38
12 209
12 256
12 313
12 316
12 360
12 478
12 481
12 498
12 517
12 520
12 603
12 621
12 728
12 858
12 1165
12 1517
12 1545
12 1646
12 1658
12 1664
12 1742
12 1780
12 2365
13 14
13 35
13 49
13 54
13 72
13 80
13 115
13 178
13 179
13 188
13 260
13 269
13 338
13 361
13 409
13 437
13 510
13 572
13 676
13 685
13 731
13 737
13 842
13 949
13 1006
13 1027
13 1171
13 1268
13 1312
13 1495
13 1508
13 1605
13 1740
13 1824
13 1897
13 2184
13 2278
13 2388
14 113
14 206
14 422
14 574
14 877
14 1226
14 1418
14 2224
14 2341
15 34
15 40
15 65
15 231
15 464
15 581
15 774
15 869
15 996
15 1709
16 21
16 54
16 56
16 81
16 97
16 138
16 144
16 150
16 183
16 233
16 353
16 372
16 393
16 394
16 461
16 480
16 763
16 820
16 829
16 830
16 856
16 871
16 974
16 1022
16 1332
16 1408
16 1482
16 1497
16 1665
16 1802
16 2203
16 2359
17 26
17 52
17 66
17 77
17 80
17 81
17 124
17 134
17 266
17 414
17 575
17 597
17 910
17 1020
17 1109
17 1278
17 1616
17 1884
17 2129
17 2145
17 2161
17 2393
18 19
18 47
18 98
18 146
18 220
18 523
18 818
18 1028
18 1053
18 1064
18 1152
18 1267
18 1556
18 2114
18 2362
19 26
19 31
19 36
19 58
19 74
19 87
19 100
19 101
19 102
19 125
19 156
19 401
19 428
19 430
19 437
19 455
19 549
19 557
19 598
19 697
19 742
19 745
19 752
19 787
19 825
19 964
19 1035
19 1091
19 1149
19 1167
19 1329
19 1351
19 1400
19 1415
19 1440
19 1496
19 1499
19 1695
19 1838
19 2068
19 2200
19 2221
19 2326
20 23
20 25
20 28
20 61
20 71
20 113
20 142
20 143
20 151
20 175
20 181
20 258
20 321
20 341
20 346
20 692
20 793
20 805
20 854
20 900
20 1038
20 1073
20 1185
20 1203
20 1379
20 1474
20 1685
20 1832
20 1896
20 1973
20 1985
20 2067
20 2185
20 2226
20 2411
20 2416
20 2471
20 2489
21 103
21 136
21 187
21 216
21 355
21 625
21 634
21 642
21 689
21 884
21 1222
21 1345
21 1638
22 32
22 35
22 102
22 111
22 115
22 254
22 301
22 303
22 365
22 473
22 566
22 627
22 628
22 719
22 973
22 1034
22 1097
22 1237
22 1254
22 1315
22 1320
22 1393
22 1401
22 1500
22 1568
22 1698
22 1731
22 1820
22 1977
22 2024
22 2268
22 2331
22 2422
23 90
23 155
23 235
23 250
23 320
23 326
23 351
23 403
23 417
23 538
23 636
23 708
23 769
23 838
23 908
23 1008
23 1029
23 1065
23 1111
23 1151
23 1186
23 1247
23 1249
23 1644
23 1827
23 1888
23 1910
23 1983
23 2024
23 2082
23 2100
23 2158
23 2251
23 2340
23 2395
23 2497
24 149
24 165
24 169
24 285
24 461
24 840
24 1360
24 1754
24 1997
24 2015
25 128
25 349
25 354
25 388
25 644
25 748
25 876
25 988
25 1072
25 1093
25 1271
25 1491
25 2367
25 2441
25 2469
26 171
26 271
26 294
26 342
26 368
26 449
26 534
26 559
26 606
26 1007
26 1203
26 1482
26 1497
26 2007
26 2487
27 29
27 42
27 45
27 76
27 118
27 272
27 293
27 321
27 331
27 366
27 443
27 448
27 540
27 622
27 679
27 698
27 795
27 890
27 919
27 1083
27 1119
27 1166
27 1216
27 1429
27 1809
27 1871
27 1993
27 2139
27 2188
27 2328
27 2335
27 2455
28 33
28 37
28 53
28 114
28 141
28 176
28 340
28 846
28 991
28 1037
28 1051
28 1135
28 1295
28 1317
28 1327
28 1684
28 1848
28 2130
29 39
29 86
29 116
29 413
29 1408
29 1501
30 49
30 160
30 197
30 214
30 235
30 256
30 533
30 837
30 897
30 1005
30 1014
30 1270
30 1407
30 1459
30 1513
30 1876
30 2023
31 472
31 958
31 1610
31 2338
32 181
32 209
32 220
32 352
32 546
32 764
32 824
32 904
32 1036
32 1294
32 1771
32 2123
33 92
33 122
33 248
33 749
33 1198
33 1214
33 1939
33 2253
33 2299
33 2436
34 46
34 79
34 85
34 92
34 96
34 105
34 131
34 175
34 245
34 251
34 295
34 307
34 318
34 443
34 487
34 560
34 815
34 1086
34 1112
34 1115
34 1340
34 1356
34 1471
34 1670
34 2033
34 2052
34 2121
34 2242
34 2490
35 131
35 195
35 202
35 271
35 314
35 403
35 453
35 671
35 725
35 730
35 750
35 775
35 788
35 817
35 1085
35 1299
35 1414
35 1550
35 1571
35 1800
35 1864
35 1887
35 1910
35 1975
35 2086
35 2300
35 2439
36 191
36 227
36 712
36 832
36 1100
36 1190
36 1279
36 1727
36 2034
36 2402
37 44
37 101
37 317
37 565
37 711
37 791
37 951
37 1144
37 1291
37 1939
37 2180
37 2183
38 391
38 586
38 1021
38 2293
39 894
39 973
39 1319
39 1458
39 1638
39 1729
39 2051
39 2448
40 388
40 463
40 986
40 1382
40 1745
41 51
41 85
41 117
41 137
41 232
41 451
41 529
41 665
41 682
41 692
41 700
41 844
41 1094
41 1587
41 1677
41 2284
42 50
42 57
42 69
42 237
42 282
42 328
42 435
42 454
42 511
42 778
42 781
42 1000
42 1030
42 1112
42 1290
42 1388
42 1390
42 1472
42 1747
43 88
43 108
43 110
43 122
43 129
43 158
43 247
43 257
43 270
43 300
43 303
43 349
43 375
43 381
43 421
43 450
43 518
43 545
43 632
43 681
43 686
43 788
43 801
43 906
43 930
43 934
43 974
43 999
43 1047
43 1258
43 1273
43 1282
43 1285
43 1311
43 1381
43 1637
43 1743
43 1886
43 2002
43 2014
43 2044
43 2227
43 2261
43 2285
43 2417
44 179
44 333
44 470
44 592
44 760
44 803
44 810
47 74
47 94
47 180
47 278
47 346
47 775
47 809
47 980
47 1218
47 1315
47 1706
47 1815
47 1924
47 2101
47 2306
48 60
48 172
48 308
48 427
48 439
48 500
48 528
48 730
48 770
48 949
48 1060
48 1122
48 1292
48 1376
48 1397
48 1485
48 1494
48 1690
48 2040
49 861
49 1202
50 297
50 326
50 376
50 544
50 641
50 864
50 1354
50 1921
51 174
51 253
51 369
51 411
51 511
51 832
51 1231
51 1280
51 1368
51 2001
51 2133
51 2222
51 2262
51 2383
51 2485
52 62
52 70
52 152
52 210
52 372
52 387
52 621
52 871
52 885
52 932
52 1075
52 1166
52 1363
52 1637
52 2057
52 2156
53 99
53 107
53 126
53 142
53 194
53 234
53 284
53 430
53 602
53 724
53 800
53 830
53 1001
53 1053
53 1113
53 1138
53 1191
53 1248
53 1319
53 1334
53 1359
53 1383
53 1527
53 1648
53 1710
53 1882
53 1932
53 2032
53 2373
53 2442
54 63
54 69
54 70
54 106
54 197
54 357
54 361
54 374
54 406
54 1251
54 1290
54 1526
54 1598
54 1759
54 2096
55 114
55 201
55 221
55 614
55 858
55 1668
56 118
56 148
56 246
56 334
56 515
56 524
56 680
56 719
56 721
56 1125
56 1277
56 1532
56 1720
57 94
57 147
57 232
57 738
57 837
57 945
57 1002
58 859
58 930
58 1191
58 1839
59 183
59 353
60 75
60 194
60 690
60 710
60 1179
60 1262
60 1702
60 1776
60 1878
61 64
61 199
61 228
61 231
61 631
61 668
61 688
61 1440
61 1671
61 1682
61 1733
61 1903
61 1926
61 2071
61 2112
62 294
62 1040
62 1546
62 1708
63 365
63 616
63 706
63 984
63 1057
63 1815
64 68
64 71
64 86
64 273
64 311
64 324
64 418
64 433
64 525
64 887
64 993
64 1523
64 1851
64 1941
64 2028
64 2415
65 210
65 822
65 911
65 948
65 1137
65 1204
65 1621
65 1668
65 1804
65 2111
66 120
66 240
66 433
66 824
66 922
66 1101
66 1420
66 1656
67 809
67 942
67 1649
67 1880
68 177
68 262
68 270
68 299
68 786
68 951
68 1065
68 1652
68 2233
68 2281
69 103
69 119
69 124
69 128
69 236
69 307
69 329
69 354
69 362
69 445
69 601
69 618
69 655
69 709
69 791
69 802
69 986
69 1013
69 1024
69 1071
69 1106
69 1268
69 1661
69 1684
69 1691
69 1765
69 1811
69 1960
69 2164
69 2239
70 734
70 859
71 252
71 350
71 384
71 390
71 643
71 870
71 880
71 891
71 1411
71 1466
71 1805
71 1976
72 176
72 1241
72 2460
73 89
73 442
73 1098
73 1132
73 2272
74 503
74 801
75 332
75 2456
76 222
76 242
76 291
76 547
76 2016
76 2296
77 447
77 561
77 1358
77 1530
77 1694
77 2069
77 2074
78 149
78 284
78 287
78 316
78 544
78 570
78 623
78 674
78 1339
78 1392
78 1675
78 2482
79 157
79 225
79 457
79 483
79 543
79 631
79 937
79 1260
79 1404
79 1973
79 1984
80 100
80 138
80 174
80 261
80 275
80 287
80 298
80 301
80 312
80 402
80 475
80 495
80 525
80 620
80 659
80 1600
80 1746
80 1831
80 2023
80 2132
80 2366
81 317
81 407
81 896
81 962
81 1076
81 2282
82 134
82 336
82 750
82 1651
82 1822
82 1837
82 1865
82 2015
82 2140
82 2348
83 84
83 145
83 225
83 244
83 274
83 624
83 823
83 1066
83 1144
83 1405
83 1860
83 2190
84 162
84 211
84 325
84 481
84 680
84 909
84 963
84 1293
85 89
85 322
85 488
85 541
85 990
85 1088
85 2309
86 91
86 104
86 147
86 268
86 340
86 654
86 689
86 947
86 983
86 984
86 1178
86 1272
86 1701
86 1758
86 2347
87 226
87 339
87 394
87 425
87 729
87 783
87 906
87 982
87 1088
87 1349
87 1541
87 1678
87 1853
88 105
88 111
88 252
88 337
88 379
88 427
88 579
88 638
88 902
88 1301
88 1354
88 2159
88 2451
88 2470
89 373
89 941
89 1077
89 1698
89 1900
89 2265
90 109
90 1429
91 160
91 385
91 716
91 766
91 899
91 1089
91 1209
91 1304
91 1350
91 1642
91 1968
91 2006
91 2352
92 153
92 189
92 263
92 343
92 526
92 877
92 1015
92 1046
92 1215
92 1406
92 1547
92 1561
92 1591
92 1601
92 1963
92 1998
92 2349
92 2379
93 172
93 258
93 285
93 312
93 693
93 1063
93 1127
93 1172
93 1334
93 2058
94 185
94 215
94 329
94 584
94 765
94 780
94 879
94 1439
94 1928
94 1986
94 2285
95 116
95 132
95 452
95 469
95 919
95 1117
95 1265
95 1759
95 1972
96 380
96 527
96 591
96 1605
96 1663
97 182
97 339
97 439
97 688
97 883
97 1314
97 1335
97 1373
97 2322
98 132
98 162
98 588
98 878
98 1565
99 139
99 251
99 311
99 385
99 415
99 434
99 553
99 740
99 749
99 789
99 850
99 940
99 1444
99 1485
99 1775
99 2231
99 2458
100 151
100 211
100 237
100 384
100 587
100 592
100 632
100 1104
100 1134
100 1155
100 1252
100 1513
100 1768
100 2426
100 2445
101 275
101 608
101 619
101 634
101 780
101 1289
101 1361
101 1395
101 1426
101 1427
101 1532
101 2103
102 104
102 268
102 429
102 568
102 733
102 755
102 979
102 1043
102 1249
102 1403
102 1479
102 1598
102 1858
102 2160
102 2237
102 2462
103 158
103 658
103 1161
103 1234
103 1613
103 1800
104 218
104 531
105 198
105 334
105 580
105 841
105 1142
105 1536
105 1929
105 1981
105 2064
106 816
106 868
106 1449
106 1974
107 117
107 419
107 489
107 685
107 887
107 914
107 1448
107 1718
107 1795
107 2246
108 145
108 386
108 420
108 468
108 635
108 677
108 909
108 915
108 1002
108 1229
108 1237
108 1587
108 1588
108 1769
108 1980
108 2005
108 2421
109 289
109 462
110 291
110 343
110 506
110 757
110 844
110 1211
110 1739
110 1976
111 119
111 484
111 735
111 753
111 851
111 936
111 1019
111 1196
112 187
112 223
112 224
112 238
112 283
112 400
112 404
112 459
112 609
112 756
112 759
112 843
112 977
112 1049
112 1092
112 1138
112 1147
112 1155
112 1156
112 1325
112 1376
112 1526
112 1863
112 2043
112 2130
113 267
113 370
113 487
113 732
113 772
113 1050
113 1052
113 1411
113 1473
113 1923
113 2119
114 190
115 159
115 177
115 402
115 503
115 1504
115 1514
115 1930
116 123
116 171
116 286
116 306
116 535
116 559
116 628
116 1004
116 1875
116 2257
116 2478
117 146
117 192
117 438
117 496
117 702
117 862
117 935
117 1292
117 2045
118 219
118 324
118 486
118 777
118 889
118 980
118 1062
118 1470
118 2178
119 136
119 683
119 1116
120 133
120 178
120 276
120 379
120 389
120 526
120 588
121 127
121 167
121 241
121 249
121 529
121 663
121 679
121 954
121 1215
121 1894
121 2336
122 224
122 242
122 617
122 640
122 697
122 1097
122 2487
123 358
123 441
123 573
123 1744
124 479
124 1870
126 279
126 519
126 1136
126 1925
126 2215
127 995
128 133
128 141
128 193
128 277
128 350
128 554
128 666
128 800
128 1035
128 1143
128 1749
128 2187
128 2409
129 213
129 288
129 404
129 458
129 497
129 758
129 896
129 1180
129 1394
129 2315
129 2386
130 155
130 182
130 229
130 344
130 362
130 562
130 566
130 571
130 622
130 681
130 687
130 699
130 732
130 756
130 767
130 794
130 813
130 893
130 912
130 1043
130 1087
130 1133
130 1141
130 1160
130 1223
130 1372
130 1383
130 1389
130 1518
130 1693
130 1772
130 1821
130 2019
130 2180
130 2202
131 140
131 196
131 233
131 309
131 985
131 1079
131 1521
131 1525
131 1611
131 1935
131 2123
131 2319
131 2334
132 152
132 363
132 647
132 1026
132 1493
132 1785
132 1823
133 1009
134 135
134 276
134 335
134 389
134 459
134 542
134 707
134 1109
134 1943
134 2256
134 2304
134 2437
134 2470
136 164
136 170
136 425
136 586
136 736
137 186
137 310
137 313
137 585
137 751
137 835
137 1500
137 1522
137 1927
138 514
138 2028
138 2312
139 611
140 154
140 203
140 214
140 248
140 483
140 711
140 960
140 1777
140 2113
141 196
141 204
141 236
141 296
141 742
141 860
141 1677
141 1805
141 2021
141 2080
142 567
142 1306
142 1330
142 1405
142 1484
142 1904
142 1933
142 2213
142 2237
143 617
143 2421
145 396
145 671
145 1403
145 1753
145 2320
146 1441
147 226
147 244
147 562
147 1162
147 1266
147 1330
147 1828
148 580
148 603
148 920
149 161
149 267
149 289
149 371
149 387
149 485
149 518
149 567
149 659
149 761
149 998
149 1021
149 1028
149 1395
149 1453
149 1949
149 1960
149 1966
149 2118
149 2229
149 2337
149 2472
150 383
150 407
150 921
150 1516
150 1739
150 2076
151 342
151 1572
151 1591
151 1664
151 2176
152 445
152 446
152 576
152 846
152 1208
152 1879
152 2258
153 193
153 467
153 492
153 509
153 612
153 662
153 966
153 1020
153 1084
153 1224
153 1313
153 1515
153 1531
153 1608
153 1784
153 2149
153 2210
153 2499
154 240
154 598
154 927
154 1227
154 1599
154 1655
154 1661
154 1862
155 664
155 1359
155 2244
157 168
157 502
157 726
157 881
157 1505
157 1617
157 1978
157 2122
157 2217
157 2457
158 341
158 428
158 568
158 683
158 939
158 1346
158 1392
158 1410
158 1509
158 1555
159 163
159 273
159 410
159 771
159 1438
159 1889
159 2117
160 166
160 228
160 744
160 1044
160 1561
160 1592
160 1711
160 1735
160 1825
161 164
161 265
161 479
161 668
161 1336
161 1744
162 295
162 370
162 641
162 1031
162 1068
162 1187
162 1621
162 1750
162 1830
162 2296
163 192
163 310
163 530
163 839
163 1006
163 1259
163 1523
163 1533
163 1764
163 1971
163 2407
164 2072
164 2105
165 166
165 189
165 415
165 1243
165 1585
165 1618
165 1657
165 1732
165 2142
165 2427
166 315
166 1321
166 2065
167 280
167 335
167 371
167 478
167 1680
167 1994
167 2047
168 170
168 327
168 466
168 512
168 550
168 786
168 1062
168 1130
168 1433
168 1467
168 1564
168 1840
168 2029
168 2086
169 576
169 898
169 1096
169 1475
169 1594
169 1634
169 2102
169 2419
170 401
170 1157
170 1284
170 1913
170 2143
170 2348
171 1776
171 2405
172 262
172 302
172 606
172 852
172 1026
172 1380
172 1847
172 1955
173 528
173 1807
174 779
174 1489
175 213
175 315
175 331
175 614
175 1342
175 2136
176 257
176 462
176 820
176 1040
177 202
177 769
177 774
177 2127
177 2300
177 2486
178 1129
178 1579
178 2409
179 578
179 773
179 1360
179 1653
179 2394
180 205
180 306
180 352
180 397
180 405
180 408
180 1069
180 1186
180 1355
180 2076
181 191
181 264
181 281
181 358
181 382
181 639
181 651
181 702
181 720
181 1080
181 1194
181 1248
181 1326
181 1826
181 1909
181 1961
181 1972
181 2186
181 2320
181 2363
181 2398
181 2403
182 448
182 1335
182 1422
182 1542
182 1692
183 190
183 200
183 216
183 255
183 330
183 413
183 501
183 682
183 747
183 804
183 849
183 1260
183 1309
183 1347
183 1472
183 1619
183 2060
183 2384
184 239
184 1170
185 1231
185 1305
185 1576
185 2317
186 657
186 704
186 1079
186 1084
186 1533
186 1841
186 1931
186 2193
187 1865
188 282
188 318
188 398
188 666
188 736
188 1205
188 1230
188 1287
188 1588
188 1969
189 239
189 423
189 920
189 2444
190 286
190 305
190 319
190 1257
190 1691
190 2147
190 2280
191 382
191 582
191 1516
191 2220
192 892
192 1264
192 1915
192 2175
192 2313
192 2447
193 624
194 243
194 412
194 964
194 1566
194 1622
194 1636
194 1665
194 2414
195 199
195 710
195 882
195 1451
195 1799
196 204
196 704
196 901
198 200
198 338
198 377
198 456
198 472
198 523
198 550
198 734
198 1135
198 1749
199 207
199 247
199 254
199 507
199 1148
199 1560
199 1723
199 1777
199 2030
199 2045
199 2341
200 380
201 2317
202 238
202 444
202 1029
202 1080
202 1324
202 1947
203 595
205 283
205 471
205 476
205 482
205 952
205 965
205 1087
205 2059
206 1449
207 718
209 322
209 560
209 715
209 1078
209 1094
209 1128
209 1450
209 1534
209 1685
210 432
210 1931
211 1056
212 1283
213 981
213 1204
213 1498
214 299
214 2235
214 2413
216 302
216 1256
216 1469
216 1808
216 2466
217 536
217 845
217 852
217 928
218 419
218 464
218 482
218 569
218 743
218 908
218 983
218 1122
218 1318
218 1346
218 1578
218 2084
218 2090
218 2291
219 591
219 972
219 1678
220 1187
220 2279
221 390
222 490
222 982
222 1001
222 1911
222 1990
222 2146
222 2207
222 2491
223 241
223 514
223 873
223 914
223 1074
223 1100
223 1118
223 1156
223 1253
223 1834
223 1846
223 2210
223 2439
224 336
224 649
224 787
224 831
224 1124
224 1158
224 2127
224 2429
226 532
226 630
226 731
226 911
226 931
226 2151
229 537
229 684
229 739
229 1353
229 1386
229 1437
229 1888
231 263
231 1604
231 2453
232 266
232 1333
233 1173
234 347
234 724
234 1220
234 1412
234 1985
235 626
235 1761
236 1025
236 1303
237 1116
238 1213
238 1596
239 505
239 1494
240 653
240 1809
240 1982
240 2338
241 527
242 488
242 910
242 1038
242 1425
242 1487
242 1607
243 2036
243 2316
244 735
244 1673
245 492
245 944
246 524
246 1016
247 435
247 474
247 490
247 721
247 1052
247 1434
247 1635
247 1717
247 1775
247 1814
247 2289
247 2449
248 356
248 377
248 615
248 665
248 1120
248 1244
248 1321
248 1606
249 452
249 610
249 1108
250 1316
251 272
251 274
251 971
251 1279
251 2267
252 259
252 357
252 613
252 957
253 330
253 497
253 849
253 854
253 1072
253 1195
253 1590
253 2112
254 2093
255 416
255 548
255 675
255 744
255 1176
255 1909
256 364
256 807
256 1390
256 1735
258 395
258 466
258 845
258 1071
258 1077
258 1193
258 1816
259 1047
259 1353
259 1459
259 1524
259 1548
259 1571
260 2306
261 952
262 473
262 1570
262 2408
263 521
263 888
263 894
263 933
263 955
263 1033
263 1433
263 1586
263 1835
264 314
264 348
264 705
264 1103
264 1623
264 2062
264 2233
264 2430
264 2431
265 1724
266 457
266 491
266 903
266 2010
267 2096
268 410
268 610
268 812
268 1018
268 1081
268 1256
268 2181
268 2205
269 463
269 583
269 627
269 748
269 822
269 959
269 1377
269 1455
269 1477
269 1569
269 1631
269 1920
270 323
270 426
270 519
270 1378
270 1437
270 1631
270 1707
270 1751
272 522
272 696
272 815
273 429
273 543
273 1305
273 1427
273 1762
274 305
274 669
274 1891
274 2250
275 442
275 942
275 1031
276 363
276 2075
277 298
277 468
277 486
277 600
277 758
277 1444
277 1667
277 2385
278 351
278 405
278 1142
278 2396
279 281
279 345
279 811
279 1044
280 674
280 1082
280 1246
280 2377
281 1185
281 1259
281 1826
281 2177
282 369
282 552
282 587
282 953
282 1233
282 1240
282 1463
282 1979
282 1991
282 2107
282 2456
284 1627
284 2226
285 811
285 1645
285 2149
286 701
286 821
286 938
287 1078
289 713
289 1082
289 1585
289 1626
289 2061
290 392
290 474
290 1882
290 1964
292 475
292 1041
292 1239
292 1448
292 1511
292 1572
293 323
293 1893
293 2056
293 2082
294 424
294 577
294 803
294 1154
294 1615
294 2367
295 360
295 375
295 1160
295 1417
295 2356
296 1804
297 440
297 768
297 2240
298 309
298 359
298 612
298 768
298 1833
299 327
299 747
299 961
299 1048
299 1061
299 1167
299 1177
299 1564
299 1640
299 2146
300 654
300 720
300 1412
300 1870
300 1977
300 2026
300 2111
300 2479
301 444
301 936
301 1159
301 2391
302 308
302 664
302 1048
302 1228
302 1425
302 2402
303 367
303 424
303 722
303 959
303 1150
304 320
304 396
304 657
304 806
304 1221
304 1348
304 1757
304 2138
305 470
305 661
305 694
305 828
305 884
305 1188
305 1488
305 1552
305 1565
305 2278
305 2437
306 1937
307 817
307 862
307 907
307 1132
307 1442
307 1824
307 2358
308 344
310 399
310 902
310 1687
310 2206
311 411
311 485
311 590
311 706
311 1018
311 1059
311 1174
311 1889
311 2140
311 2274
312 1263
312 1906
313 673
313 829
313 1016
313 1323
313 1495
314 540
314 1099
314 2295
315 333
315 416
315 708
315 778
315 1226
316 950
316 960
316 1362
317 970
317 1037
317 1229
317 1536
317 1666
317 2433
319 505
319 2085
319 2249
321 1455
321 1934
322 521
322 594
322 667
322 1222
322 2075
322 2190
322 2198
322 2406
323 359
323 599
323 1738
324 325
324 678
324 717
324 1024
324 1647
324 1758
324 2178
324 2316
326 797
326 1838
328 784
328 963
328 1054
328 1471
329 827
329 1575
329 1736
329 1748
329 1762
329 2335
330 605
330 1049
330 1101
330 1212
330 1398
330 2490
331 347
331 795
331 961
331 2170
332 469
332 836
333 695
333 1920
333 1984
333 2068
334 545
334 1563
334 1708
335 564
335 639
336 337
336 364
336 573
336 584
336 691
336 1322
336 1446
336 1655
336 2216
337 496
337 1557
337 2275
337 2364
338 397
338 642
338 1011
338 1676
338 1820
338 1924
338 2079
338 2412
338 2493
339 484
339 1465
339 2080
339 2245
340 1423
340 2220
341 891
343 367
343 418
343 597
343 1092
343 1830
344 555
344 895
344 1121
344 1563
344 1957
344 2145
344 2380
346 753
346 1940
346 2000
347 491
347 698
347 1076
347 1201
347 1347
347 2148
347 2184
348 842
348 1340
348 2017
349 366
349 841
349 847
349 1465
350 1219
351 669
351 834
351 1370
351 1466
351 1507
351 1673
352 432
352 436
352 885
352 928
352 995
352 1556
352 1628
354 2209
355 391
355 901
356 741
356 805
356 807
356 823
356 1174
356 1816
356 1899
356 1992
356 2489
357 625
357 1103
357 1363
357 1372
357 1772
358 421
358 558
358 709
358 1023
358 1519
359 561
359 1045
359 1264
359 1752
359 1796
360 723
360 2413
361 1057
362 727
362 918
363 1525
364 1288
366 637
367 2397
368 555
368 755
368 799
368 1263
368 1656
368 1874
369 1197
369 1632
369 2174
370 1117
371 687
372 1946
373 648
373 1030
373 1083
373 1181
373 1414
373 1447
373 1958
373 2196
373 2232
373 2392
374 2196
375 1235
376 447
376 1074
378 465
378 502
378 520
378 533
378 552
378 1323
379 904
380 515
380 810
380 899
380 1381
380 1595
380 1958
381 890
382 458
383 2431
384 517
384 572
384 713
384 785
384 1462
385 2120
386 395
386 436
386 499
386 589
386 773
386 1086
386 2002
387 970
387 1480
388 499
388 839
388 1438
389 494
389 541
389 2049
390 2004
391 1365
392 409
392 564
392 798
392 1707
394 422
394 1274
394 2152
395 399
395 440
395 663
396 406
396 1153
397 449
399 536
399 537
399 834
399 967
399 987
399 1659
399 1849
399 1967
399 2116
400 549
400 881
400 1417
400 2182
400 2185
401 569
401 1779
401 1989
401 2290
402 945
402 1539
403 898
403 943
403 1447
403 1773
403 2287
404 883
404 933
404 1519
405 456
405 557
405 676
405 714
405 804
405 997
405 1872
405 1947
406 700
406 1855
406 1902
407 451
407 929
407 1506
407 2020
407 2250
408 613
408 1436
408 2450
410 866
411 512
411 578
411 585
411 647
411 754
411 1218
411 1393
411 1492
411 1764
411 1790
411 1902
411 1996
411 2445
412 438
412 1197
412 1821
412 1938
412 2092
413 477
413 595
413 1123
413 1876
413 2494
414 1660
414 1793
416 565
416 649
416 865
418 516
418 1582
419 808
419 2353
422 501
422 1118
422 1404
422 1737
423 504
423 530
423 1107
423 1511
423 1667
423 1887
424 506
425 1019
425 1597
426 785
426 1942
427 701
427 1220
427 1855
427 2333
428 633
428 1502
428 1734
429 2206
430 640
430 874
430 1182
431 1066
431 2011
432 510
432 1286
432 1391
433 2297
434 1133
434 1314
435 814
435 916
435 1932
435 2169
435 2243
435 2339
436 1847
436 2330
437 500
437 539
438 547
438 604
438 957
438 1686
439 446
439 1382
440 672
440 1369
440 1767
440 1783
443 989
443 1075
443 1371
443 1944
444 563
444 956
444 1318
445 607
445 792
445 1257
446 558
446 629
446 1903
446 2177
447 1521
448 848
448 1385
448 1839
448 1868
448 2357
449 455
449 650
449 1441
450 879
450 1162
450 1398
451 946
452 509
452 1949
453 1085
453 1792
454 548
454 816
454 1008
454 1110
454 1950
454 2260
454 2442
455 1005
455 1549
455 1722
455 2241
456 1060
456 2327
457 693
457 978
457 2167
458 1262
460 2131
461 513
461 605
461 857
461 1294
462 651
462 1295
462 1613
463 539
463 542
463 796
464 593
464 772
464 1233
464 1357
465 480
465 718
465 794
465 2054
465 2137
466 1169
466 2435
467 579
467 1090
467 1782
468 1391
469 878
469 1877
469 2371
470 781
470 880
470 1189
470 2144
470 2294
471 1557
472 616
472 726
472 2230
473 918
473 1199
473 2108
475 531
475 1895
475 2169
475 2495
476 812
476 1819
477 551
477 838
479 779
480 662
480 874
480 1779
481 615
481 1214
481 1712
481 2334
482 864
482 1243
482 1551
482 1562
482 2378
485 619
485 673
485 686
485 712
485 855
485 912
485 1015
486 2081
487 2461
489 648
491 1123
491 1126
492 594
492 715
492 1531
492 2266
493 1170
493 2427
494 596
494 667
494 989
494 1126
494 1181
494 1436
494 1620
494 1624
494 2014
494 2089
495 1766
497 743
497 886
497 948
497 1710
497 2137
497 2221
498 1419
499 1615
499 2027
500 637
500 646
500 684
500 1131
500 1147
500 1163
500 1659
500 1711
500 1774
500 2050
502 1277
503 507
503 1054
503 1953
503 1961
504 508
504 889
505 956
507 1342
508 1723
508 2055
509 934
509 1209
509 1308
510 2447
511 965
511 1834
513 1242
513 1792
513 2458
514 635
514 939
514 1266
514 1919
515 532
515 600
515 893
515 924
515 1207
515 1416
515 1528
515 1534
515 1676
515 1756
515 1848
515 2352
516 1669
517 1965
518 1212
519 677
519 699
519 727
519 739
519 1692
523 1917
524 1549
525 853
525 977
525 999
525 1291
525 1396
525 1507
526 575
526 1039
526 1042
526 2166
527 678
527 1450
527 1981
528 696
528 1537
528 1538
528 2197
532 825
532 905
532 1168
532 1189
532 1332
532 2061
533 2132
537 770
537 863
537 1158
538 563
538 969
538 1980
539 653
542 737
542 1136
542 1445
542 2036
543 655
544 777
544 1070
545 1302
545 2088
546 571
547 1394
548 2041
551 1906
552 1737
552 2404
553 836
553 1141
553 1680
553 2079
553 2227
554 630
554 1239
554 1443
554 1636
556 944
557 847
557 940
557 955
558 826
558 976
558 1991
559 1282
560 590
561 620
561 2307
563 1593
564 644
564 652
564 1371
564 1771
564 1904
564 2077
565 1623
566 608
567 1106
567 1952
567 2005
568 601
568 602
568 798
568 903
568 1157
568 2484
570 1540
571 1151
571 2357
572 582
573 2183
574 746
574 1832
574 2179
575 581
577 923
577 1299
577 1567
577 1630
577 1642
578 1583
579 1767
583 759
583 1175
583 1399
583 1612
583 1697
584 1535
586 629
586 796
586 1479
586 2122
589 1818
593 782
593 968
593 1653
593 2366
594 979
595 1093
595 1387
595 2319
596 695
596 892
596 938
596 1163
596 1199
596 1407
596 1573
597 604
597 1042
597 1298
597 1331
597 1560
597 2173
597 2423
598 1119
598 1309
598 1689
598 1941
600 1328
600 2070
603 1576
604 607
604 2092
604 2173
604 2457
605 1317
606 886
607 760
607 2119
608 646
608 1032
609 1951
609 2325
612 946
612 2035
613 1244
613 2168
615 855
615 1520
616 872
616 1148
616 1296
617 2095
620 650
620 1114
620 1424
620 1537
620 1687
620 1700
620 2037
624 2155
625 1241
625 1562
626 2450
627 656
627 1173
627 1179
628 645
628 703
628 790
628 1090
628 1428
628 2477
629 1496
629 1835
629 2324
629 2351
630 746
630 932
630 985
630 1115
630 1269
630 1850
630 1989
631 1059
631 2106
632 670
632 2042
632 2091
634 1912
634 2403
635 827
635 1503
635 1543
635 1769
636 1662
637 1172
637 1464
637 1625
638 1510
638 2304
639 1039
639 1432
640 652
640 1770
641 714
641 1175
642 670
642 821
643 1027
644 1419
647 1461
647 1669
647 1715
647 2212
648 819
648 1574
648 1713
648 1829
651 675
651 1451
651 1456
651 1722
651 1900
651 2020
651 2299
651 2475
652 1176
652 1740
653 1313
653 1606
653 2370
655 853
655 2225
656 2211
657 1721
657 2000
658 808
660 1555
662 757
662 882
662 1728
662 1843
662 2376
663 2019
667 1368
669 1300
670 776
670 2389
671 1760
671 1899
672 1227
672 1253
674 1324
674 2216
675 2292
676 2042
677 1127
677 1293
677 1986
678 873
680 1388
681 1130
683 722
683 762
683 1003
683 1387
683 1836
683 2191
683 2238
684 783
684 2368
685 2386
686 1010
688 1566
688 1760
690 1261
691 2073
691 2114
693 818
693 1045
693 1946
694 1004
694 1007
694 1095
694 1139
694 1552
696 705
696 752
696 1349
696 1454
696 1488
696 2109
696 2172
697 869
697 870
699 1971
700 1089
700 1143
700 1194
700 1211
700 1580
701 947
701 1221
701 2041
701 2143
701 2171
701 2346
705 723
705 921
705 1524
705 1818
705 1877
707 766
707 802
707 831
707 916
707 1247
707 1594
707 1725
707 2078
709 913
709 1755
709 1999
710 917
710 1200
710 1823
710 2192
711 848
711 1165
711 1475
711 2189
712 1205
712 1245
713 1874
713 2383
714 937
714 1592
715 1911
716 1415
716 1624
716 1640
716 1786
716 1956
716 2120
717 763
717 1806
719 851
719 2098
719 2397
721 997
721 1969
722 797
722 2480
723 2094
725 728
725 1490
725 2026
727 1219
728 1881
728 1948
729 1188
729 2115
730 875
730 926
730 1195
730 1518
730 1851
730 1901
730 2379
731 1178
731 1234
731 1374
733 1061
735 2336
736 1102
737 2328
738 1639
738 1788
738 2049
740 1171
740 1928
742 1936
743 1058
743 1476
744 2102
744 2197
745 754
745 1577
745 2139
746 1058
746 2057
748 1281
749 1296
749 2153
750 1013
751 1538
751 2117
752 1050
752 1486
753 2167
754 868
754 917
754 1238
754 1283
754 1791
754 2054
757 1041
758 1699
758 1868
758 2446
758 2472
759 1658
760 2455
761 833
761 925
761 1435
761 1829
761 2125
761 2363
762 1014
763 765
763 924
763 1426
763 1461
763 1727
763 2408
764 1431
764 2255
764 2327
764 2425
765 814
765 1590
768 1927
769 1768
769 1921
771 782
771 2388
772 941
773 987
773 1328
774 819
774 1190
775 2286
776 2218
777 793
777 799
777 1603
779 1003
779 1514
779 1647
779 1781
779 1863
780 1400
780 1464
780 1491
780 2029
781 1522
782 2477
783 923
783 1254
784 2097
785 1252
785 2387
786 1896
786 2302
788 1995
788 2266
789 1548
790 856
791 1146
792 992
792 2047
793 1269
793 1959
793 2282
794 1280
794 1837
795 1308
796 1810
796 2066
797 1702
797 1993
798 1787
800 1406
800 1890
801 993
801 1761
801 1892
802 2021
802 2323
803 835
803 1790
804 1798
806 2215
807 988
807 2170
808 2142
809 2277
810 1990
813 828
814 1554
815 1198
817 2256
818 1430
818 2398
820 943
820 971
822 1125
826 1527
826 1713
828 975
831 954
831 1300
831 1670
834 2467
835 1110
835 1577
838 907
838 1645
838 2343
839 1096
839 1099
839 1814
839 1937
839 1996
841 1055
841 1357
841 1583
841 1627
841 2191
842 843
842 1073
842 1481
842 1866
843 1672
844 1322
844 2219
845 1161
845 1643
845 1893
845 2064
846 1944
847 1644
847 1940
847 2154
848 2381
849 1728
849 1925
851 1284
851 1378
851 1626
851 1639
851 2128
852 1124
852 1312
852 1630
852 1632
852 1807
852 2454
852 2468
854 1729
855 1355
855 1603
855 2195
856 1223
857 992
857 1193
857 1206
857 1310
857 2107
857 2325
857 2417
858 1625
858 2273
859 1102
860 1168
860 1192
860 2279
860 2400
861 958
861 1499
861 1681
861 1873
861 2037
862 1213
862 1694
862 2063
863 865
863 888
863 1128
863 1377
863 1569
863 1853
863 1867
863 2471
864 1145
865 1416
867 929
867 2113
868 1574
868 2381
869 1806
869 2209
869 2235
869 2345
870 1369
870 2199
871 1860
871 2280
871 2425
872 1358
874 1476
874 1703
874 1957
874 2168
877 1886
877 1988
877 2401
878 991
878 1452
878 2109
879 1200
879 2375
880 1646
880 1788
881 1139
881 1463
881 2385
881 2496
882 1081
882 1307
882 2156
886 1413
886 1505
886 1794
886 1862
886 2163
886 2174
886 2444
889 1184
889 1859
889 2399
891 1338
892 1470
892 1943
893 1375
893 1672
893 2008
894 1782
894 2218
899 2255
900 1032
900 1095
900 2228
903 1467
905 1456
905 1553
905 1751
905 2016
905 2071
905 2414
906 915
906 1064
906 1481
906 1812
906 2063
908 1929
909 1134
909 1379
909 2095
910 1845
910 1908
914 1303
915 2204
916 1431
919 1055
920 1210
921 994
921 2201
923 2099
925 1428
926 1145
926 2138
926 2373
932 1012
932 1919
934 1600
934 2129
936 2205
937 1515
937 1934
938 1025
938 1558
938 1650
938 1955
939 968
941 1457
941 1880
941 1905
941 2240
945 1849
949 1443
950 1000
950 1098
950 1121
950 1458
950 1589
950 2364
950 2400
950 2492
951 1617
951 2013
952 1487
952 1529
954 1774
955 1068
955 2451
958 1473
959 1051
959 1901
960 1616
960 2151
960 2272
961 2276
962 975
962 1225
966 969
966 981
966 1275
966 1289
966 1384
967 2046
968 978
968 1297
968 2329
970 1559
974 2488
975 1987
976 1453
977 1714
977 1916
977 2186
978 2046
978 2434
979 1584
979 2157
980 1113
980 1154
981 1773
982 1307
984 1489
985 1620
986 1341
986 1370
986 2259
987 996
987 2267
987 2370
990 2059
991 1884
991 2268
993 1270
994 1596
997 1023
997 1164
998 1366
998 2219
999 1547
999 2214
1000 1869
1000 2480
1001 1336
1001 1948
1001 2144
1002 1700
1002 1956
1002 2468
1005 1017
1006 1274
1008 2074
1009 1276
1009 1861
1010 1731
1011 1105
1011 1201
1011 1573
1011 1709
1011 1878
1012 1184
1012 2309
1013 1409
1013 1741
1014 1356
1014 2022
1016 1272
1016 1798
1016 2396
1017 1715
1017 2276
1018 2372
1019 1424
1020 1107
1021 1905
1021 2358
1022 1734
1024 1770
1025 1413
1026 1705
1027 1970
1030 1945
1030 2008
1030 2030
1031 2314
1034 2488
1035 2344
1036 1660
1036 2051
1037 1206
1037 1245
1039 2083
1040 1210
1040 1654
1040 2246
1041 1091
1041 1316
1041 1483
1041 1738
1041 1915
1043 1857
1043 1879
1044 1320
1044 1650
1044 2254
1047 1251
1047 1666
1047 2089
1047 2098
1048 1202
1048 1629
1048 1778
1048 2194
1049 2301
1049 2466
1050 1230
1050 1273
1050 1648
1050 1938
1050 2009
1054 1602
1055 1149
1056 1542
1057 1399
1057 1674
1059 2376
1060 1250
1060 1502
1061 1238
1062 2103
1062 2259
1064 1916
1065 2478
1066 1362
1068 1120
1068 1610
1068 1614
1068 1619
1070 1551
1070 1683
1074 1856
1075 1857
1076 1208
1076 1352
1076 1966
1077 1367
1077 1409
1079 1364
1080 1114
1080 2160
1080 2492
1081 1150
1081 1580
1081 2426
1082 1825
1083 2060
1085 1306
1085 2432
1086 2483
1088 1512
1088 1581
1088 1714
1090 1304
1090 1690
1090 2087
1090 2485
1091 1217
1091 1604
1092 1255
1092 1275
1093 1169
1093 1540
1093 1688
1093 1797
1093 2353
1093 2389
1098 1105
1098 2229
1101 2337
1102 1281
1103 1380
1103 2110
1104 1629
1106 1108
1106 1325
1107 1662
1107 2399
1108 1285
1108 1828
1108 1997
1108 2248
1110 1351
1111 1811
1113 1146
1113 1255
1113 1401
1114 1568
1116 1153
1116 1682
1116 1757
1120 1364
1121 2044
1122 1152
1122 2354
1124 1207
1124 2463
1126 1396
1126 2449
1127 1367
1129 1302
1130 1365
1130 1748
1130 1875
1130 2307
1130 2329
1131 2298
1132 1298
1132 1721
1132 2077
1137 1813
1137 2318
1137 2496
1138 1333
1138 2270
1139 1559
1140 1410
1141 1701
1143 1801
1145 1979
1146 2223
1147 1840
1150 1343
1150 1703
1156 2261
1158 2269
1159 1420
1161 1752
1161 2126
1163 1535
1163 2204
1163 2473
1164 1345
1167 2124
1170 1589
1170 1716
1170 2136
1170 2223
1170 2288
1173 1460
1173 1965
1174 1384
1175 1602
1177 1654
1181 1578
1181 1827
1181 2252
1184 1246
1184 1250
1184 1558
1185 1310
1186 1462
1186 1866
1187 1696
1187 2159
1191 1457
1191 2050
1193 1544
1193 2031
1194 1579
1195 1460
1196 2263
1196 2298
1197 1679
1199 2371
1201 1341
1202 1822
1203 1442
1204 1801
1205 1747
1207 1421
1208 1432
1211 2034
1211 2446
1213 1366
1213 2165
1215 2324
1218 1871
1218 2340
1219 1635
1220 2277
1221 1520
1221 2344
1227 1651
1227 1754
1227 2116
1228 1783
1228 2038
1228 2128
1235 2094
1236 1477
1237 1352
1237 1833
1239 2081
1240 1974
1240 2291
1241 1338
1241 2194
1242 2147
1242 2232
1246 2171
1247 2254
1248 2390
1250 1726
1251 1695
1251 2004
1251 2465
1253 1339
1253 1421
1253 1933
1254 1510
1255 1793
1255 2318
1256 1329
1256 1712
1257 1995
1258 1599
1259 2292
1260 1954
1260 2007
1264 1704
1267 2359
1270 1439
1270 2428
1273 1528
1276 1331
1276 1699
1276 1898
1276 2302
1279 2248
1280 1813
1282 1730
1282 2441
1283 1288
1283 1508
1284 1530
1284 1766
1285 2339
1286 1301
1286 2195
1287 1452
1287 1493
1287 2135
1291 1492
1291 2355
1292 1343
1293 1675
1293 1679
1293 1945
1294 2083
1294 2429
1302 2297
1304 1784
1306 2203
1308 1385
1309 2213
1317 1468
1317 2247
1318 2321
1319 2308
1320 2208
1323 1483
1323 2121
1324 1435
1324 2148
1327 1539
1328 2108
1328 2392
1329 1693
1329 2056
1330 1517
1332 2181
1332 2257
1333 1895
1335 2091
1338 1810
1339 1628
1339 2013
1342 2043
1343 1697
1347 2475
1348 1350
1349 2104
1358 1803
1358 1970
1359 1858
1359 2193
1364 2087
1365 1611
1366 2053
1368 1582
1370 1402
1370 2483
1371 1869
1372 1907
1372 1918
1372 2454
1373 1964
1373 2395
1374 1935
1378 1529
1382 2035
1382 2093
1384 2464
1385 2345
1386 1978
1386 2346
1386 2495
1389 2053
1390 2027
1391 1817
1391 2303
1395 1422
1396 1546
1396 2066
1396 2289
1397 1719
1400 1434
1400 1778
1403 2032
1403 2384
1404 1741
1407 1545
1407 2260
1408 2099
1409 2230
1409 2288
1409 2482
1411 1570
1411 1597
1411 1892
1414 1584
1415 2126
1419 2154
1421 2097
1423 1544
1423 1614
1423 1930
1423 2164
1423 2375
1426 1550
1429 1894
1429 2361
1432 1641
1434 2135
1437 2039
1439 1854
1440 1781
1441 2494
1443 2048
1446 1478
1447 1593
1447 2474
1450 1763
1452 1609
1452 2224
1453 2312
1454 2118
1455 1998
1456 2311
1465 1609
1467 1612
1468 1498
1469 1706
1475 1717
1475 2017
1475 2018
1479 1541
1479 1987
1481 1643
1481 2378
1483 1503
1486 1755
1494 1634
1494 1861
1496 1994
1496 2263
1499 1595
1499 2115
1501 1954
1502 1554
1507 2374
1508 1733
1508 2070
1514 2331
1518 2225
1519 1787
1521 1872
1523 2211
1524 2284
1530 2158
1533 2462
1534 1936
1534 2134
1535 1844
1536 1705
1536 2055
1536 2305
1537 1681
1537 2141
1537 2192
1539 1553
1539 2271
1539 2275
1541 1716
1543 2350
1547 2166
1559 1785
1563 2448
1566 2025
1568 2150
1571 2236
1573 2415
1576 1622
1576 1696
1577 1686
1578 2479
1579 1852
1580 1881
1581 2315
1582 1674
1587 2039
1587 2287
1588 1618
1588 2314
1590 1796
1590 1962
1593 1719
1593 2078
1593 2245
1594 2499
1599 1953
1599 2012
1608 2391
1609 2241
1609 2380
1612 2172
1617 1885
1617 1992
1619 1794
1620 1663
1621 1797
1621 1842
1622 2062
1623 2433
1626 2152
1630 1808
1631 1683
1631 2052
1632 2105
1635 1856
1637 1951
1637 1982
1639 2033
1642 1845
1646 1891
1647 2131
1648 2342
1651 2332
1654 2347
1655 2003
1656 2428
1659 2294
1660 2069
1661 2356
1662 1730
1662 2012
1662 2351
1664 1753
1664 2430
1671 1913
1671 1918
1671 2343
1671 2394
1677 1907
1678 1962
1678 2368
1682 2067
1683 1791
1685 1852
1685 1898
1698 2308
1700 1726
1700 2009
1700 2354
1701 1789
1702 2162
1702 2182
1708 2459
1709 2236
1710 2150
1710 2253
1714 2175
1714 2481
1716 1850
1742 2434
1744 2301
1747 1841
1747 2342
1751 1926
1752 2243
1755 2264
1759 2264
1760 2410
1762 1859
1773 1836
1779 2498
1785 1922
1785 1988
1788 2369
1793 2418
1795 2497
1796 2464
1797 1854
1797 2222
1803 2018
1810 2006
1811 2011
1814 2040
1816 1914
1817 1975
1821 2443
1822 2419
1826 2157
1830 2360
1831 1912
1832 2104
1832 2238
1836 2274
1837 2199
1838 1885
1838 2290
1838 2424
1839 2084
1843 2498
1846 2476
1856 1923
1856 1942
1857 2188
1859 1890
1861 2125
1867 2065
1879 2133
1882 2031
1890 2323
1906 2416
1907 2377
1910 2436
1912 2273
1920 2330
1922 2176
1924 1959
1932 2234
1935 2438
1936 2321
1939 2401
1951 2333
1952 2265
1956 2001
1956 2025
1956 2452
1958 2242
1958 2435
1964 2244
1968 2106
1970 2362
1973 2141
1981 2422
1982 2201
1989 2110
1989 2212
1998 2072
2003 2100
2005 2313
2006 2360
2008 2258
2008 2412
2017 2440
2022 2090
2036 2202
2042 2424
2043 2311
2053 2269
2053 2271
2062 2198
2064 2474
2075 2469
2077 2179
2079 2234
2079 2293
2103 2355
2106 2350
2107 2382
2111 2155
2111 2387
2111 2452
2118 2404
2124 2252
2132 2322
2133 2286
2166 2214
2166 2405
2173 2281
2179 2372
2184 2310
2188 2303
2198 2217
2203 2473
2213 2486
2221 2443
2237 2393
2260 2460
2301 2459
2314 2411
2356 2465
2357 2390
2411 2432
2439 2491
