500 3572
0 50
0 57
0 61
0 67
0 93
0 104
0 105
0 123
0 174
0 176
0 222
0 294
0 355
0 373
0 379
0 395
0 398
0 413
0 424
1 20
1 27
1 33
1 55
1 141
1 194
1 209
1 227
1 269
1 406
2 7
2 59
2 72
2 98
2 120
2 129
2 138
2 157
2 191
2 231
2 254
2 266
2 292
2 308
2 377
2 394
2 439
2 440
2 441
2 483
3 35
3 86
3 112
3 145
3 190
3 192
3 386
3 444
3 452
3 475
4 8
4 52
4 78
4 100
4 168
4 169
4 187
4 188
4 208
4 247
4 260
4 311
4 350
4 360
4 405
4 480
4 486
4 489
5 40
5 312
5 367
5 387
5 400
5 419
6 67
6 102
6 103
6 222
6 340
6 355
6 373
6 398
6 408
6 413
6 423
6 479
7 59
7 65
7 97
7 129
7 138
7 181
7 191
7 231
7 246
7 266
7 308
7 409
7 439
7 447
7 454
7 483
8 21
8 22
8 77
8 78
8 100
8 168
8 169
8 188
8 208
8 239
8 247
8 260
8 311
8 316
8 332
8 352
8 360
8 480
8 489
9 36
9 49
9 66
9 110
9 131
9 140
9 149
9 155
9 166
9 236
9 262
9 302
9 319
9 335
9 341
9 353
9 368
9 401
9 414
9 417
9 418
9 435
9 458
10 20
10 26
10 35
10 43
10 95
10 190
10 209
10 258
10 275
10 300
10 389
10 444
10 452
11 76
11 102
11 116
11 162
11 252
11 362
11 392
11 408
11 415
11 416
11 464
12 72
12 120
12 138
12 191
12 210
12 211
12 243
12 254
12 357
12 378
12 421
12 439
12 440
12 441
12 462
12 483
13 36
13 38
13 49
13 66
13 149
13 155
13 159
13 166
13 173
13 225
13 229
13 239
13 262
13 281
13 332
13 352
13 401
13 476
13 477
13 487
14 45
14 50
14 64
14 75
14 85
14 93
14 104
14 123
14 176
14 294
14 396
14 442
14 461
14 471
14 490
15 126
15 135
15 146
15 386
15 399
15 411
15 437
15 450
16 18
16 127
16 349
16 430
16 492
17 23
17 51
17 60
17 69
17 87
17 177
17 197
17 219
17 256
17 257
17 263
17 310
17 336
17 346
17 356
18 297
18 349
18 429
18 430
18 475
18 492
19 31
19 92
19 156
19 186
19 195
19 242
19 280
19 407
20 26
20 35
20 43
20 55
20 141
20 190
20 194
20 209
20 227
20 258
20 300
20 455
20 457
21 22
21 73
21 77
21 100
21 168
21 246
21 309
21 316
21 403
21 454
21 499
22 73
22 77
22 100
22 143
22 168
22 247
22 309
22 360
22 403
22 480
22 486
22 488
22 499
23 51
23 60
23 69
23 87
23 171
23 177
23 197
23 219
23 256
23 257
23 282
23 290
23 310
23 336
23 346
24 28
24 29
24 84
24 137
24 161
24 165
24 178
24 315
24 322
24 351
24 461
24 484
24 490
25 28
25 29
25 47
25 48
25 137
25 150
25 153
25 165
25 204
25 241
25 275
25 322
25 327
25 482
25 484
26 35
26 43
26 95
26 190
26 209
26 258
26 275
26 300
26 389
26 444
26 452
27 32
27 33
27 141
27 194
27 226
27 227
27 267
27 269
28 29
28 48
28 137
28 150
28 153
28 161
28 165
28 178
28 241
28 291
28 303
28 315
28 322
28 351
28 481
28 482
28 484
29 48
29 137
29 150
29 153
29 161
29 165
29 178
29 241
29 291
29 303
29 315
29 322
29 351
29 481
29 482
29 484
30 113
30 134
30 159
30 170
30 220
30 314
30 422
30 446
30 451
30 494
31 53
31 56
31 88
31 92
31 156
31 195
31 199
31 242
31 286
31 374
31 478
32 33
32 96
32 139
32 214
32 226
32 227
32 267
32 268
32 345
32 397
32 426
32 428
32 495
33 55
33 96
33 141
33 194
33 214
33 226
33 227
33 267
33 268
33 269
33 428
34 62
34 70
34 103
34 219
34 244
34 252
34 279
34 282
34 329
34 359
34 402
34 408
34 423
34 464
35 43
35 86
35 112
35 190
35 209
35 300
35 348
35 389
35 452
36 49
36 149
36 166
36 224
36 225
36 253
36 262
36 281
36 458
36 474
36 487
37 42
37 79
37 152
37 180
37 235
37 255
37 259
37 274
37 295
37 298
37 301
37 323
37 438
38 49
38 66
38 114
38 134
38 149
38 159
38 173
38 198
38 220
38 225
38 229
38 281
38 314
38 401
38 422
38 451
38 476
38 477
39 68
39 207
39 212
39 249
39 270
39 287
39 320
39 347
39 385
39 486
39 488
40 41
40 81
40 234
40 312
40 333
40 367
40 400
40 419
40 432
40 463
41 81
41 117
41 132
41 147
41 167
41 234
41 333
41 400
41 419
41 432
41 463
42 79
42 152
42 235
42 255
42 259
42 274
42 298
42 301
42 320
42 323
42 438
42 465
43 47
43 95
43 190
43 209
43 258
43 275
43 300
43 327
43 389
43 444
43 452
44 80
44 97
44 181
44 289
44 345
44 372
44 426
44 467
44 495
45 50
45 64
45 75
45 85
45 93
45 104
45 176
45 294
45 387
45 396
45 442
45 471
46 184
46 186
46 230
46 245
46 250
46 272
46 283
46 284
46 334
46 361
46 407
46 427
46 469
47 95
47 137
47 165
47 258
47 275
47 327
47 389
47 444
47 484
48 137
48 150
48 153
48 157
48 204
48 241
48 276
48 291
48 303
48 304
48 307
48 321
48 383
48 431
48 440
48 481
48 482
48 484
49 66
49 149
49 155
49 159
49 166
49 173
49 225
49 229
49 236
49 262
49 281
49 401
49 417
49 476
49 477
49 487
50 61
50 64
50 85
50 93
50 104
50 123
50 174
50 176
50 222
50 294
50 344
50 379
50 395
50 413
50 424
50 442
50 461
50 471
51 60
51 170
51 197
51 257
51 290
51 310
51 336
51 346
51 446
51 494
52 58
52 100
52 118
52 168
52 187
52 208
52 247
52 249
52 270
52 311
52 350
52 360
52 391
52 405
52 480
52 486
53 56
53 88
53 101
53 156
53 195
53 199
53 242
53 286
53 374
53 410
53 478
53 497
54 115
54 217
54 230
54 370
54 390
54 410
55 141
55 194
55 209
55 227
55 300
55 428
55 455
55 457
56 101
56 108
56 115
56 136
56 156
56 230
56 286
56 410
56 478
56 497
57 67
57 71
57 174
57 222
57 240
57 366
57 379
57 395
57 413
57 424
57 456
57 460
57 468
58 74
58 118
58 133
58 151
58 158
58 172
58 175
58 187
58 208
58 221
58 237
58 249
58 265
58 313
58 324
58 376
58 391
58 405
58 443
59 97
59 98
59 129
59 138
59 181
59 231
59 266
59 289
59 308
59 377
59 409
59 439
59 447
59 483
60 69
60 71
60 90
60 119
60 142
60 148
60 171
60 197
60 257
60 278
60 290
60 310
60 336
60 346
60 456
60 468
61 67
61 93
61 104
61 105
61 174
61 176
61 201
61 222
61 294
61 337
61 355
61 379
61 395
61 398
61 413
61 433
62 70
62 87
62 89
62 179
62 219
62 232
62 244
62 256
62 282
62 329
62 359
62 402
62 466
63 122
63 264
63 326
63 406
63 448
63 491
64 75
64 85
64 93
64 104
64 123
64 176
64 294
64 442
64 461
64 471
65 138
65 144
65 183
65 193
65 246
65 293
65 308
65 378
65 382
65 403
65 404
65 421
65 454
66 149
66 155
66 159
66 166
66 173
66 225
66 236
66 262
66 314
66 319
66 341
66 401
66 417
66 435
66 477
67 174
67 222
67 278
67 355
67 373
67 379
67 395
67 398
67 413
67 423
67 424
67 456
67 479
68 152
68 207
68 212
68 213
68 249
68 270
68 287
68 320
68 347
68 365
68 371
68 385
68 391
68 465
68 493
69 87
69 90
69 103
69 119
69 171
69 197
69 219
69 256
69 278
69 282
69 290
69 310
69 329
69 336
69 346
69 456
70 82
70 89
70 164
70 179
70 216
70 219
70 232
70 244
70 252
70 279
70 359
70 402
70 466
70 496
71 90
71 119
71 124
71 142
71 148
71 171
71 174
71 240
71 278
71 290
71 424
71 445
71 456
71 460
71 468
72 120
72 124
72 157
72 191
72 210
72 211
72 243
72 254
72 276
72 307
72 321
72 357
72 383
72 394
72 431
72 439
72 440
72 441
72 462
72 483
73 97
73 143
73 181
73 251
73 266
73 309
73 372
73 409
73 447
73 488
73 499
74 106
74 118
74 121
74 133
74 151
74 158
74 172
74 175
74 187
74 189
74 205
74 206
74 213
74 221
74 237
74 265
74 273
74 313
74 324
74 331
74 365
74 371
74 405
74 443
74 493
75 85
75 104
75 312
75 387
75 396
75 442
75 471
76 116
76 154
76 162
76 317
76 392
76 415
76 416
77 100
77 188
77 246
77 309
77 316
77 403
77 454
77 499
78 100
78 169
78 188
78 208
78 229
78 239
78 247
78 260
78 281
78 311
78 316
78 332
78 352
78 476
78 487
78 489
79 152
79 235
79 274
79 301
79 320
79 347
79 412
79 465
80 214
80 268
80 277
80 289
80 345
80 372
80 426
80 467
80 495
81 132
81 167
81 234
81 333
81 400
81 419
81 432
81 463
82 107
82 179
82 203
82 216
82 244
82 252
82 279
82 402
82 496
83 98
83 196
83 289
83 292
83 338
83 377
83 455
83 457
83 459
84 111
84 146
84 161
84 165
84 178
84 182
84 202
84 218
84 305
84 315
84 322
84 351
84 354
85 93
85 104
85 123
85 176
85 294
85 396
85 442
85 461
85 471
85 490
86 112
86 145
86 190
86 192
86 348
86 430
86 452
86 475
87 89
87 128
87 177
87 219
87 232
87 256
87 257
87 263
87 282
87 336
87 346
87 356
87 466
88 89
88 92
88 128
88 164
88 177
88 195
88 199
88 232
88 242
88 263
88 280
88 286
88 356
88 374
88 466
89 128
89 164
89 179
89 199
89 216
89 219
89 232
89 263
89 286
89 356
89 374
89 402
89 466
90 119
90 142
90 148
90 171
90 197
90 278
90 290
90 310
90 336
90 369
90 456
90 468
91 117
91 147
91 154
91 261
91 317
91 343
91 420
92 128
92 177
92 195
92 199
92 242
92 263
92 280
92 356
93 104
93 105
93 123
93 174
93 176
93 222
93 294
93 337
93 379
93 395
93 413
93 442
93 471
94 99
94 102
94 109
94 130
94 201
94 223
94 261
94 340
94 362
94 381
94 398
94 415
94 416
94 420
94 436
95 258
95 275
95 292
95 327
95 338
95 389
95 459
96 139
96 214
96 226
96 267
96 268
96 285
96 328
96 342
96 345
96 364
96 380
96 384
96 397
96 426
96 498
97 181
97 251
97 266
97 289
97 309
97 372
97 409
97 447
97 467
98 120
98 129
98 157
98 196
98 231
98 289
98 292
98 338
98 377
98 394
98 441
98 459
98 483
99 102
99 130
99 154
99 201
99 223
99 261
99 317
99 340
99 362
99 381
99 415
99 416
99 420
99 436
100 168
100 188
100 247
100 260
100 311
100 316
100 350
100 360
100 480
100 486
100 499
101 108
101 136
101 286
101 410
101 478
101 497
102 130
102 201
102 340
102 355
102 362
102 373
102 398
102 408
102 415
102 416
102 423
102 436
102 479
103 171
103 278
103 282
103 329
103 336
103 373
103 408
103 423
103 456
103 479
104 105
104 109
104 176
104 222
104 294
104 337
104 395
104 433
104 442
104 471
105 109
105 176
105 201
105 222
105 294
105 337
105 340
105 355
105 395
105 398
105 433
106 121
106 151
106 158
106 172
106 175
106 189
106 205
106 206
106 221
106 237
106 273
106 313
106 324
106 331
106 339
106 443
107 116
107 162
107 203
107 244
107 252
107 279
107 392
107 464
108 115
108 136
108 217
108 230
108 390
108 410
108 478
108 497
109 163
109 201
109 223
109 337
109 433
109 436
110 131
110 140
110 155
110 185
110 233
110 236
110 296
110 302
110 318
110 325
110 335
110 353
110 363
110 368
110 414
110 417
110 418
110 435
110 458
111 126
111 146
111 178
111 182
111 202
111 218
111 305
111 354
111 399
111 437
112 145
112 190
112 192
112 389
112 444
112 452
113 114
113 125
113 134
113 159
113 170
113 198
113 220
113 422
113 446
113 451
113 494
114 125
114 134
114 144
114 159
114 173
114 183
114 193
114 198
114 220
114 293
114 382
114 404
114 422
114 494
115 136
115 217
115 230
115 284
115 390
115 407
115 410
115 478
116 162
116 203
116 252
116 279
116 392
116 415
116 464
117 132
117 147
117 167
117 234
117 343
117 463
118 121
118 151
118 158
118 172
118 175
118 187
118 205
118 208
118 213
118 221
118 237
118 249
118 265
118 273
118 313
118 324
118 391
118 405
118 443
118 493
119 142
119 148
119 171
119 197
119 278
119 290
119 310
119 369
119 445
119 456
119 460
119 468
120 157
120 191
120 204
120 210
120 211
120 231
120 243
120 254
120 276
120 307
120 321
120 338
120 357
120 383
120 394
120 431
120 440
120 441
120 483
121 151
121 175
121 189
121 205
121 206
121 213
121 221
121 237
121 249
121 255
121 270
121 273
121 313
121 323
121 324
121 331
121 365
121 371
121 385
121 443
121 493
122 264
122 326
122 348
122 448
122 491
123 174
123 176
123 294
123 344
123 366
123 379
123 395
123 424
123 442
123 461
123 471
124 142
124 148
124 211
124 240
124 243
124 254
124 276
124 303
124 304
124 307
124 357
124 366
124 383
124 431
124 445
124 460
124 462
124 468
125 144
125 183
125 193
125 198
125 220
125 293
125 404
125 421
125 446
125 470
125 494
126 135
126 146
126 182
126 192
126 218
126 399
126 411
126 437
127 349
128 164
128 177
128 179
128 195
128 199
128 219
128 232
128 256
128 263
128 280
128 356
128 374
128 466
129 138
129 191
129 231
129 266
129 289
129 308
129 377
129 394
129 409
129 439
129 441
129 447
129 483
130 154
130 201
130 223
130 261
130 317
130 340
130 362
130 381
130 415
130 416
130 420
130 436
131 140
131 155
131 185
131 233
131 236
131 296
131 302
131 318
131 325
131 335
131 353
131 363
131 414
131 417
131 418
131 435
131 458
133 151
133 158
133 172
133 175
133 200
133 221
133 237
133 265
133 313
133 324
133 358
133 376
134 149
134 159
134 170
134 173
134 198
134 220
134 314
134 401
134 422
134 451
134 477
134 494
135 386
135 399
135 411
135 429
135 437
135 450
136 217
136 410
136 478
136 497
137 150
137 153
137 161
137 165
137 178
137 241
137 315
137 322
137 351
137 481
137 482
137 484
138 191
138 210
138 231
138 243
138 246
138 254
138 266
138 308
138 378
138 382
138 404
138 409
138 421
138 439
138 441
138 447
138 454
138 483
139 214
139 226
139 267
139 268
139 285
139 328
139 342
139 364
139 380
139 384
139 397
139 498
140 155
140 166
140 185
140 224
140 233
140 253
140 262
140 302
140 363
140 368
140 417
140 418
140 458
141 194
141 209
141 227
141 269
141 406
141 428
141 455
142 148
142 171
142 197
142 290
142 310
142 357
142 369
142 462
142 468
142 470
143 251
143 309
143 372
143 467
143 486
143 488
143 499
144 183
144 193
144 198
144 210
144 246
144 293
144 378
144 382
144 404
144 421
144 454
144 470
145 192
145 297
145 386
145 429
145 430
145 475
145 492
146 202
146 218
146 305
146 354
146 399
146 437
147 163
147 167
147 223
147 234
147 333
147 343
147 381
147 420
147 432
147 463
148 171
148 197
148 290
148 310
148 369
148 445
148 456
148 460
148 462
148 468
148 470
149 155
149 159
149 173
149 225
149 236
149 262
149 281
149 314
149 401
149 417
149 476
149 477
150 153
150 165
150 204
150 241
150 276
150 291
150 303
150 304
150 321
150 322
150 351
150 383
150 431
150 481
150 482
150 484
151 158
151 172
151 175
151 187
151 189
151 200
151 205
151 206
151 221
151 237
151 265
151 273
151 313
151 324
151 331
151 358
151 405
151 443
152 205
152 213
152 235
152 255
152 270
152 274
152 298
152 301
152 320
152 323
152 365
152 371
152 385
152 438
152 465
152 493
153 204
153 241
153 276
153 291
153 303
153 304
153 307
153 322
153 351
153 366
153 383
153 431
153 481
153 482
153 484
154 261
154 317
154 381
154 415
154 416
154 420
155 166
155 236
155 262
155 302
155 319
155 335
155 341
155 401
155 414
155 417
155 418
155 435
155 458
156 186
156 195
156 230
156 242
156 283
156 284
156 361
156 407
156 410
157 191
157 204
157 211
157 243
157 254
157 276
157 307
157 321
157 338
157 394
157 431
157 440
157 441
157 482
157 483
158 172
158 175
158 187
158 200
158 221
158 237
158 265
158 313
158 324
158 331
158 358
158 376
158 405
158 443
159 173
159 198
159 220
159 225
159 281
159 314
159 401
159 422
159 451
159 476
159 477
160 202
160 215
160 299
160 305
160 354
161 165
161 178
161 315
161 322
161 351
161 484
161 490
162 203
162 252
162 279
162 392
162 415
162 464
163 167
163 223
163 234
163 333
163 343
163 400
163 419
163 432
163 433
163 463
164 179
164 199
164 216
164 232
164 286
164 374
164 402
164 466
164 496
164 497
165 178
165 182
165 315
165 322
165 351
165 484
166 224
166 253
166 262
166 368
166 417
166 418
166 458
167 223
167 234
167 333
167 343
167 400
167 432
167 463
168 208
168 247
168 260
168 311
168 350
168 360
168 391
168 405
168 480
168 486
168 499
169 188
169 208
169 229
169 239
169 260
169 281
169 311
169 316
169 332
169 352
169 393
169 474
169 476
169 487
169 489
170 177
170 220
170 257
170 280
170 422
170 446
170 451
170 494
171 197
171 278
171 290
171 310
171 336
171 456
171 468
172 175
172 187
172 200
172 221
172 237
172 265
172 313
172 324
172 331
172 358
172 376
172 443
173 198
173 225
173 229
173 239
173 281
173 352
173 401
173 422
173 476
173 477
174 176
174 222
174 240
174 294
174 344
174 366
174 379
174 395
174 413
174 424
175 187
175 189
175 200
175 206
175 221
175 237
175 265
175 273
175 313
175 324
175 331
175 358
175 405
175 443
176 222
176 294
176 344
176 379
176 395
176 413
176 424
176 442
176 461
176 471
177 199
177 256
177 257
177 263
177 280
177 346
177 356
177 446
178 182
178 202
178 218
178 305
178 315
178 322
178 351
178 354
178 490
179 199
179 216
179 232
179 244
179 374
179 402
179 466
179 496
180 255
180 259
180 274
180 295
180 298
180 339
180 438
181 251
181 266
181 289
181 309
181 372
181 409
181 447
182 218
182 444
183 193
183 198
183 246
183 293
183 378
183 382
183 404
183 421
183 470
183 494
184 228
184 238
184 245
184 250
184 306
184 334
184 370
184 375
184 473
185 233
185 253
185 302
185 363
185 368
185 418
185 458
186 230
186 242
186 272
186 283
186 284
186 334
186 335
186 361
186 407
186 427
187 208
187 221
187 247
187 249
187 265
187 311
187 313
187 360
187 376
187 391
187 405
187 443
187 480
188 229
188 239
188 247
188 260
188 281
188 311
188 316
188 332
188 352
188 403
188 476
188 487
188 489
189 205
189 206
189 213
189 221
189 237
189 255
189 273
189 295
189 313
189 323
189 324
189 331
189 339
189 365
189 371
189 443
189 493
190 300
190 348
190 389
190 452
191 210
191 211
191 231
191 243
191 254
191 308
191 357
191 378
191 394
191 439
191 440
191 441
191 462
191 483
192 297
192 386
192 411
192 452
192 475
193 198
193 246
193 293
193 378
193 382
193 403
193 404
193 421
193 454
194 209
194 226
194 227
194 269
194 406
194 428
195 199
195 242
195 263
195 280
195 286
195 356
195 374
196 209
196 292
196 377
196 455
196 457
196 459
197 257
197 278
197 290
197 310
197 336
197 346
197 369
197 456
197 468
198 220
198 293
198 382
198 404
198 422
198 494
199 232
199 263
199 280
199 286
199 356
199 374
199 466
200 265
200 358
200 376
201 222
201 223
201 261
201 337
201 340
201 355
201 362
201 381
201 398
201 433
201 436
202 218
202 299
202 305
202 315
202 354
203 244
203 252
203 279
203 392
203 464
204 211
204 241
204 276
204 291
204 303
204 304
204 307
204 321
204 327
204 338
204 383
204 394
204 431
204 440
204 481
204 482
204 484
205 206
205 213
205 221
205 237
205 249
205 255
205 270
205 273
205 295
205 313
205 323
205 324
205 331
205 339
205 365
205 371
205 385
205 443
205 493
206 213
206 221
206 237
206 255
206 273
206 295
206 313
206 323
206 324
206 331
206 339
206 365
206 371
206 443
206 493
207 212
207 249
207 270
207 287
207 320
207 347
207 365
207 385
207 465
207 493
208 247
208 260
208 265
208 311
208 360
208 376
208 391
208 393
208 405
208 480
209 227
209 258
209 300
209 455
209 457
210 211
210 243
210 254
210 357
210 378
210 421
210 439
210 441
210 462
210 470
210 483
211 243
211 254
211 276
211 291
211 304
211 307
211 321
211 357
211 383
211 394
211 431
211 440
211 441
211 445
211 460
211 462
212 271
212 287
212 330
212 347
212 388
212 412
212 425
212 434
212 449
212 465
212 472
213 249
213 255
213 270
213 273
213 320
213 323
213 365
213 371
213 385
213 391
213 443
213 493
214 226
214 267
214 268
214 345
214 397
214 426
214 428
214 495
215 299
215 396
215 490
216 232
216 244
216 374
216 402
216 466
216 496
217 230
217 390
217 410
218 305
218 315
218 354
218 399
218 437
219 232
219 256
219 282
219 329
219 336
219 346
219 359
219 402
219 466
220 314
220 422
220 446
220 451
220 494
221 237
221 265
221 273
221 313
221 324
221 331
221 405
221 443
222 294
222 340
222 355
222 373
222 379
222 395
222 398
222 413
222 479
223 261
223 343
223 381
223 420
223 433
223 436
224 253
224 262
224 288
224 368
224 458
224 474
224 485
225 229
225 239
225 262
225 281
225 332
225 352
225 476
225 477
225 487
225 489
226 227
226 267
226 268
226 397
227 267
227 269
227 428
227 455
227 457
227 495
228 245
228 250
228 296
228 318
228 325
228 334
228 469
228 473
229 239
229 281
229 316
229 332
229 352
229 476
229 477
229 487
229 489
230 272
230 284
230 361
230 390
230 407
230 410
230 427
230 478
231 266
231 308
231 377
231 394
231 409
231 439
231 441
231 447
231 483
232 356
232 374
232 402
232 466
233 296
233 302
233 318
233 325
233 353
233 363
233 418
233 469
234 333
234 343
234 400
234 419
234 432
234 463
235 255
235 274
235 301
235 320
235 323
235 347
235 412
235 438
235 465
236 262
236 314
236 319
236 335
236 341
236 353
236 401
236 414
236 417
236 418
236 435
237 265
237 273
237 313
237 324
237 331
237 443
238 250
238 306
238 370
238 375
238 473
239 260
239 281
239 311
239 316
239 332
239 352
239 476
239 487
239 489
240 304
240 366
240 379
240 383
240 413
240 424
240 445
240 456
240 460
240 468
241 276
241 291
241 303
241 304
241 307
241 321
241 322
241 366
241 383
241 431
241 481
241 482
241 484
242 284
242 361
242 407
243 254
243 276
243 307
243 357
243 378
243 439
243 440
243 441
243 462
243 483
244 252
244 279
244 359
244 402
244 464
244 466
245 250
245 272
245 334
245 370
245 375
245 427
245 469
245 473
246 266
246 293
246 308
246 378
246 382
246 403
246 404
246 421
246 439
246 454
247 260
247 311
247 350
247 360
247 391
247 405
247 480
247 486
248 271
248 328
248 330
248 342
248 364
248 388
248 412
248 425
248 449
248 453
248 472
248 498
249 270
249 320
249 350
249 365
249 371
249 385
249 391
249 405
249 443
249 486
249 493
250 306
250 370
250 375
250 473
251 309
251 372
251 467
251 488
252 279
252 359
252 392
252 402
252 464
253 262
253 363
253 368
253 418
253 458
253 485
254 276
254 307
254 357
254 378
254 394
254 439
254 440
254 441
254 462
254 483
255 273
255 274
255 295
255 298
255 301
255 320
255 323
255 339
255 365
255 371
255 385
255 438
255 493
256 257
256 282
256 310
256 329
256 336
256 346
256 466
257 263
257 310
257 336
257 346
257 356
257 446
258 275
258 300
258 327
258 389
258 459
259 274
259 298
259 301
259 438
260 311
260 316
260 332
260 352
260 360
260 393
260 480
260 489
261 317
261 340
261 362
261 381
261 416
261 420
261 436
262 401
262 417
262 418
262 458
262 487
263 280
263 356
263 374
264 326
264 348
264 448
264 491
265 313
265 324
265 358
265 376
265 405
265 443
266 308
266 309
266 409
266 439
266 447
266 454
266 483
267 268
267 345
267 397
267 426
267 428
267 495
268 345
268 397
268 426
268 428
268 495
269 326
269 406
270 320
270 347
270 350
270 365
270 371
270 385
270 391
270 486
270 493
271 287
271 330
271 347
271 388
271 412
271 425
271 434
271 449
271 453
271 465
271 472
272 283
272 284
272 318
272 334
272 361
272 407
272 427
272 469
273 295
273 313
273 323
273 324
273 331
273 339
273 365
273 371
273 443
273 493
274 295
274 298
274 301
274 323
274 438
275 327
275 389
275 444
275 452
276 291
276 303
276 304
276 307
276 321
276 357
276 383
276 394
276 431
276 440
276 441
276 481
276 482
277 328
277 330
277 342
277 388
277 397
277 425
277 434
277 453
277 467
278 282
278 290
278 310
278 336
278 423
278 456
278 468
278 479
279 359
279 392
279 402
279 464
280 356
281 316
281 332
281 352
281 476
281 477
281 487
281 489
282 329
282 336
282 346
282 359
282 423
282 479
283 284
283 318
283 334
283 335
283 353
283 361
283 407
283 427
283 469
284 334
284 361
284 407
284 410
284 427
285 328
285 342
285 364
285 380
285 384
285 388
285 397
285 453
285 498
286 374
286 478
286 497
287 330
287 347
287 388
287 412
287 425
287 434
287 449
287 453
287 465
287 472
288 376
288 393
288 474
288 485
289 372
289 377
289 409
289 426
289 447
289 495
290 310
290 336
290 369
290 456
290 468
291 303
291 304
291 307
291 321
291 366
291 383
291 431
291 440
291 481
291 482
291 484
292 327
292 338
292 377
292 394
292 455
292 457
292 459
293 378
293 382
293 403
293 404
293 421
293 454
293 470
294 344
294 379
294 395
294 413
294 424
294 442
294 461
294 471
295 298
295 323
295 339
296 302
296 318
296 325
296 334
296 353
296 469
297 349
297 386
297 429
297 430
297 450
297 475
297 492
298 301
298 323
298 339
298 438
299 305
299 354
300 348
300 389
301 320
301 323
301 438
301 465
302 318
302 325
302 335
302 353
302 363
302 368
302 414
302 417
302 418
302 458
303 304
303 307
303 344
303 366
303 383
303 431
303 445
303 460
303 481
303 482
304 307
304 366
304 383
304 431
304 440
304 445
304 460
304 481
304 482
305 354
305 399
306 370
306 375
306 473
307 321
307 357
307 366
307 383
307 431
307 440
307 445
307 460
307 462
307 481
307 482
308 409
308 439
308 441
308 447
308 454
308 483
309 372
309 409
309 447
309 454
309 488
309 499
310 336
310 346
310 456
310 468
311 332
311 360
311 393
311 405
311 480
311 489
312 367
312 387
312 396
312 400
312 419
313 324
313 331
313 405
313 443
314 319
314 341
314 401
314 422
314 435
314 451
314 477
315 322
315 351
315 354
315 484
315 490
316 332
316 352
316 403
316 476
316 489
317 420
318 325
318 334
318 335
318 353
318 414
318 469
319 335
319 341
319 353
319 401
319 414
319 417
319 435
320 323
320 347
320 365
320 371
320 385
320 465
320 493
321 327
321 338
321 394
321 431
321 440
321 441
321 482
322 351
322 481
322 484
322 490
323 365
323 371
323 385
323 438
323 493
324 331
324 443
325 334
325 353
325 469
326 348
326 406
326 448
326 491
327 338
327 459
328 330
328 342
328 364
328 380
328 384
328 388
328 397
328 434
328 453
328 498
329 359
329 408
329 423
329 479
330 342
330 364
330 388
330 412
330 425
330 434
330 449
330 453
330 472
330 498
331 339
331 371
331 443
332 352
332 476
332 487
332 489
333 400
333 419
333 432
333 463
334 353
334 361
334 427
334 469
335 341
335 353
335 414
335 417
335 435
336 346
336 456
337 433
338 377
338 394
338 459
340 355
340 362
340 373
340 381
340 398
340 408
340 415
340 416
340 423
340 436
341 353
341 401
341 414
341 417
341 435
342 364
342 380
342 384
342 388
342 397
342 425
342 434
342 453
342 498
343 420
343 463
344 366
344 379
344 424
344 442
344 461
344 471
344 481
345 397
345 426
345 428
345 495
346 356
347 385
347 412
347 425
347 449
347 465
347 472
348 430
348 448
348 491
349 429
349 430
349 475
349 492
350 360
350 391
350 405
350 480
350 486
351 461
351 481
351 484
351 490
352 476
352 487
352 489
353 414
353 417
353 418
353 435
353 469
355 362
355 373
355 395
355 398
355 408
355 413
355 423
355 479
356 374
356 466
357 369
357 383
357 440
357 445
357 460
357 462
358 376
359 392
359 402
359 408
359 464
360 391
360 405
360 480
360 486
361 407
361 427
362 381
362 398
362 408
362 415
362 416
362 420
362 436
363 368
363 418
363 458
364 380
364 384
364 388
364 397
364 434
364 453
364 498
365 371
365 385
365 391
365 443
365 493
366 379
366 383
366 424
366 431
366 445
366 460
366 461
366 481
367 387
367 400
367 419
368 418
368 458
369 378
369 462
369 468
369 470
370 375
370 473
371 385
371 443
371 493
372 409
372 447
372 467
372 488
373 398
373 408
373 423
373 479
374 466
374 497
375 473
376 393
376 474
377 455
377 457
377 459
378 382
378 404
378 421
378 439
378 470
379 395
379 413
379 424
379 461
380 384
380 388
380 397
380 453
380 498
381 416
381 420
381 436
382 403
382 404
382 421
382 454
383 431
383 440
383 445
383 460
383 462
383 481
383 482
384 397
384 453
384 498
385 391
385 465
385 493
386 411
386 429
386 450
386 475
386 492
387 396
388 412
388 425
388 434
388 449
388 453
388 472
388 498
389 444
389 452
390 410
391 405
391 443
391 480
391 486
391 493
392 415
392 416
392 464
393 474
393 487
393 489
394 440
394 441
394 483
395 398
395 413
395 424
397 498
398 423
398 479
399 411
399 437
400 419
400 432
400 463
401 417
401 422
401 435
401 451
401 477
402 464
402 466
402 496
403 404
403 454
404 421
404 454
404 470
405 443
405 480
405 486
407 410
407 427
408 415
408 416
408 423
408 464
408 479
409 439
409 447
409 454
410 478
411 429
411 437
411 450
412 425
412 449
412 465
412 472
413 424
414 417
414 418
414 435
415 416
415 464
416 420
416 436
417 418
417 435
417 458
418 458
419 432
419 463
420 436
421 439
421 454
421 470
422 446
422 451
422 477
422 494
423 479
424 445
424 460
425 434
425 449
425 453
425 472
426 428
426 495
427 469
428 455
428 457
428 495
429 450
429 475
429 492
430 475
430 492
431 440
431 445
431 460
431 481
431 482
432 463
433 436
434 453
434 467
434 498
439 441
439 447
439 483
440 441
440 482
440 483
441 483
442 461
442 471
442 490
443 493
444 452
445 460
445 462
445 468
446 451
446 494
448 491
449 453
449 465
449 472
450 475
451 477
453 472
453 498
455 457
455 459
455 495
456 468
456 479
457 459
457 495
460 462
460 468
461 471
461 490
465 472
467 488
470 494
471 490
474 485
474 487
475 492
476 477
476 487
476 489
478 497
480 486
481 482
481 484
482 484
486 488
487 489
488 499
