1500 11153
0 345
0 505
0 513
0 567
0 640
0 805
0 1113
0 1189
0 1298
0 1330
0 1406
0 1427
1 53
1 536
1 576
1 804
1 865
1 1019
1 1038
1 1158
1 1164
1 1176
1 1486
2 85
2 187
2 244
2 266
2 278
2 324
2 524
2 527
2 692
2 735
2 918
2 945
2 954
2 988
2 996
2 1014
2 1063
2 1107
2 1174
2 1314
2 1397
2 1470
3 10
3 11
3 209
3 269
3 343
3 376
3 470
3 509
3 571
3 574
3 816
3 997
3 1000
3 1195
3 1375
4 118
4 237
4 258
4 477
4 484
4 572
4 663
4 723
4 740
4 825
4 1419
4 1465
5 27
5 118
5 450
5 568
5 743
5 781
5 927
5 1259
5 1372
5 1381
5 1454
6 9
6 108
6 124
6 127
6 131
6 174
6 216
6 288
6 297
6 316
6 327
6 355
6 400
6 410
6 666
6 729
6 730
6 869
6 914
6 936
6 1269
6 1281
6 1328
6 1477
7 18
7 31
7 172
7 238
7 372
7 411
7 506
7 523
7 577
7 594
7 619
7 766
7 805
7 900
7 946
7 992
7 1323
7 1366
7 1432
8 15
8 220
8 247
8 291
8 319
8 666
8 759
8 874
8 927
8 984
8 1019
8 1169
8 1243
9 21
9 133
9 288
9 355
9 387
9 397
9 413
9 421
9 460
9 489
9 536
9 670
9 733
9 826
9 868
9 1075
9 1146
9 1246
9 1347
9 1371
9 1454
10 279
10 312
10 408
10 469
10 503
10 627
10 729
10 735
10 791
10 971
10 973
10 1184
10 1199
10 1407
10 1416
10 1421
11 76
11 286
11 364
11 371
11 455
11 542
11 794
11 854
11 893
11 997
11 1001
11 1022
11 1217
11 1297
11 1405
12 48
12 105
12 126
12 808
12 863
12 906
12 1142
12 1203
12 1249
12 1321
12 1368
12 1496
13 38
13 99
13 118
13 178
13 181
13 664
13 716
13 779
13 780
13 981
13 1027
13 1178
13 1249
13 1425
14 42
14 156
14 218
14 221
14 279
14 284
14 312
14 375
14 438
14 458
14 489
14 663
14 723
14 776
14 806
14 1038
14 1129
14 1354
15 58
15 86
15 88
15 270
15 411
15 431
15 562
15 681
15 900
15 950
15 1009
15 1015
15 1208
15 1290
15 1345
16 26
16 36
16 75
16 143
16 179
16 183
16 200
16 312
16 418
16 424
16 440
16 490
16 521
16 805
16 896
16 928
16 931
16 1024
16 1030
16 1172
16 1400
17 45
17 321
17 506
17 529
17 650
17 721
17 730
17 752
17 762
17 775
17 848
17 1095
17 1232
17 1415
17 1455
18 56
18 120
18 242
18 380
18 477
18 478
18 610
18 706
18 956
18 1191
18 1363
18 1373
18 1426
19 105
19 116
19 146
19 286
19 383
19 447
19 469
19 548
19 571
19 618
19 959
19 1013
19 1134
19 1202
19 1294
19 1366
20 331
20 744
20 780
20 868
20 882
20 1071
20 1123
20 1319
20 1352
20 1411
20 1429
20 1460
20 1480
21 198
21 413
21 495
21 653
21 1051
21 1079
21 1100
21 1162
21 1215
21 1305
21 1419
21 1450
22 79
22 200
22 281
22 481
22 513
22 556
22 685
22 867
22 1105
22 1271
22 1301
22 1384
22 1476
23 34
23 73
23 76
23 291
23 367
23 534
23 546
23 743
23 792
23 802
23 909
23 1105
23 1202
23 1373
23 1442
23 1446
24 433
24 449
24 500
24 732
24 789
24 867
24 913
24 929
24 1020
24 1064
24 1222
24 1232
24 1282
24 1283
24 1347
25 41
25 63
25 277
25 418
25 606
25 648
25 674
25 918
25 975
25 1227
25 1424
26 73
26 279
26 528
26 982
26 1036
26 1110
26 1112
26 1171
26 1350
26 1445
26 1450
27 73
27 106
27 212
27 235
27 281
27 327
27 370
27 465
27 562
27 565
27 651
27 678
27 805
27 812
27 819
27 825
27 834
27 872
27 1116
27 1172
27 1194
27 1259
27 1267
28 78
28 496
28 542
28 552
28 665
28 907
28 970
28 1014
28 1073
28 1114
28 1224
28 1320
28 1328
28 1478
29 36
29 287
29 392
29 463
29 517
29 628
29 687
29 1031
29 1051
29 1091
29 1096
29 1106
29 1143
29 1210
29 1324
29 1343
29 1398
29 1407
29 1453
29 1492
30 355
30 425
30 465
30 701
30 899
30 920
30 1007
30 1086
30 1308
31 53
31 188
31 241
31 289
31 552
31 619
31 693
31 755
31 834
31 909
31 941
31 1007
31 1015
31 1172
31 1190
31 1467
32 84
32 136
32 182
32 234
32 255
32 313
32 434
32 534
32 602
32 683
32 840
32 844
32 944
32 1033
32 1156
32 1214
33 91
33 110
33 116
33 123
33 145
33 161
33 187
33 285
33 389
33 494
33 533
33 588
33 618
33 624
33 859
33 1059
33 1074
33 1134
33 1165
33 1290
33 1352
33 1398
33 1446
34 198
34 293
34 354
34 389
34 419
34 485
34 501
34 536
34 555
34 627
34 684
34 767
34 858
34 990
34 993
34 1081
34 1187
34 1262
34 1428
35 57
35 96
35 123
35 293
35 342
35 350
35 428
35 491
35 596
35 671
35 687
35 723
35 841
35 970
35 1019
35 1074
35 1089
35 1216
35 1222
36 81
36 133
36 171
36 177
36 195
36 238
36 325
36 365
36 397
36 509
36 626
36 688
36 887
36 1023
36 1054
36 1189
36 1246
36 1256
36 1345
37 157
37 270
37 620
37 692
37 780
37 1162
37 1251
37 1299
37 1331
37 1345
37 1374
37 1377
37 1396
38 150
38 173
38 284
38 321
38 349
38 370
38 409
38 427
38 559
38 618
38 826
38 889
38 1179
38 1379
39 125
39 150
39 168
39 435
39 442
39 502
39 533
39 551
39 611
39 873
39 923
39 958
39 1103
39 1232
39 1333
40 236
40 488
40 535
40 708
40 803
40 1010
40 1106
40 1158
40 1196
40 1300
40 1399
41 129
41 154
41 603
41 691
41 732
41 1119
42 135
42 239
42 472
42 484
42 576
42 585
42 752
42 886
42 1009
42 1028
42 1038
42 1082
42 1118
42 1219
42 1285
42 1314
42 1336
42 1349
42 1382
42 1467
43 82
43 128
43 134
43 200
43 214
43 271
43 327
43 384
43 440
43 448
43 498
43 548
43 593
43 709
43 710
43 832
43 873
43 927
43 983
43 1376
43 1461
43 1489
44 57
44 167
44 373
44 451
44 514
44 1000
44 1046
44 1155
44 1376
45 196
45 291
45 482
45 682
45 753
45 785
45 1050
45 1096
45 1172
45 1293
45 1389
45 1392
46 53
46 55
46 309
46 332
46 400
46 422
46 492
46 574
46 695
46 806
46 900
46 1059
46 1445
46 1462
46 1487
47 290
47 398
47 945
47 950
47 1070
47 1136
47 1166
47 1185
47 1434
48 58
48 331
48 613
48 986
48 1057
48 1107
49 115
49 882
49 979
49 1011
49 1119
49 1169
49 1251
49 1265
49 1373
49 1426
49 1428
49 1487
50 74
50 313
50 369
50 436
50 462
50 752
50 1085
50 1171
50 1182
50 1306
50 1467
51 467
51 637
51 694
51 742
51 918
51 1087
51 1114
51 1136
51 1214
51 1260
51 1261
51 1270
51 1280
51 1363
51 1369
51 1454
52 190
52 248
52 329
52 791
52 874
52 1063
52 1115
52 1139
52 1198
52 1224
52 1375
52 1388
52 1396
52 1440
53 324
53 334
53 394
53 434
53 553
53 635
53 663
53 770
53 794
53 803
53 865
53 916
53 1000
53 1142
53 1172
53 1199
53 1373
53 1399
53 1422
54 59
54 290
54 295
54 488
54 616
54 816
54 830
54 842
54 855
54 934
54 1055
54 1164
54 1186
54 1258
54 1323
54 1405
54 1420
55 122
55 467
55 474
55 518
55 742
55 808
55 813
55 915
55 916
55 1160
55 1390
55 1405
55 1461
56 81
56 154
56 207
56 219
56 254
56 333
56 711
56 850
56 905
56 977
56 1057
56 1156
56 1162
56 1239
57 111
57 177
57 189
57 423
57 510
57 546
57 631
57 842
57 941
57 1039
57 1083
57 1138
57 1174
57 1266
57 1310
57 1392
57 1424
57 1431
57 1470
58 132
58 156
58 199
58 377
58 453
58 630
58 672
58 921
58 934
58 1044
58 1083
58 1107
58 1237
58 1272
58 1351
58 1398
58 1410
59 94
59 198
59 296
59 391
59 446
59 469
59 493
59 515
59 593
59 626
59 627
59 739
59 814
59 1171
59 1224
59 1390
59 1467
59 1495
60 69
60 179
60 575
60 611
60 643
60 766
60 827
60 1045
60 1079
60 1186
60 1256
60 1276
60 1388
60 1439
61 106
61 113
61 276
61 488
61 653
61 796
61 858
61 990
61 1094
61 1276
61 1427
62 324
62 363
62 400
62 541
62 675
62 719
62 783
62 1110
62 1207
62 1413
62 1417
63 96
63 121
63 178
63 218
63 240
63 405
63 539
63 605
63 894
63 909
63 972
63 1005
63 1146
63 1202
63 1319
63 1461
64 243
64 244
64 318
64 410
64 537
64 605
64 723
65 267
65 375
65 402
65 464
65 526
65 686
65 718
65 841
65 848
65 903
65 1113
65 1156
65 1185
65 1412
66 304
66 393
66 477
66 518
66 520
66 579
66 1039
66 1047
66 1198
66 1298
66 1325
67 190
67 330
67 478
67 612
67 680
67 684
67 925
67 944
67 1035
67 1197
67 1275
67 1281
67 1333
67 1338
67 1428
68 252
68 341
68 697
68 722
68 933
68 1083
68 1106
68 1143
68 1162
69 284
69 298
69 360
69 372
69 407
69 878
69 889
69 916
69 991
69 1017
69 1028
69 1313
69 1359
69 1492
70 273
70 530
70 597
70 630
70 646
70 678
70 693
70 868
70 1281
70 1282
70 1326
70 1430
71 287
71 844
71 1243
71 1246
71 1290
72 87
72 487
72 489
72 664
72 790
72 801
72 873
72 978
72 1004
72 1082
72 1097
72 1137
72 1240
72 1248
73 76
73 327
73 357
73 387
73 444
73 446
73 517
73 772
73 977
73 1058
73 1273
73 1331
73 1390
74 91
74 145
74 244
74 335
74 398
74 433
74 508
74 580
74 637
74 774
74 1142
74 1183
74 1186
74 1234
74 1341
75 359
75 383
75 510
75 516
75 738
75 936
75 969
75 1022
75 1111
75 1188
75 1282
75 1301
76 113
76 171
76 216
76 525
76 674
76 720
76 751
76 799
76 819
76 960
76 986
76 1072
76 1148
76 1245
76 1318
76 1403
77 363
77 558
77 566
77 682
77 689
77 718
77 733
77 802
77 875
77 1267
77 1391
77 1440
77 1443
77 1478
78 130
78 166
78 508
78 569
78 724
78 757
78 766
78 994
78 1038
78 1041
78 1301
78 1431
79 206
79 232
79 271
79 339
79 348
79 483
79 524
79 593
79 982
79 1014
79 1192
79 1394
80 315
80 324
80 494
80 671
80 854
80 895
80 952
80 1136
80 1274
80 1299
80 1315
80 1430
81 141
81 198
81 380
81 480
81 659
81 793
81 801
81 888
81 954
81 996
81 1142
81 1178
81 1216
81 1224
82 117
82 230
82 321
82 1096
82 1241
82 1417
83 175
83 342
83 400
83 471
83 552
83 602
83 806
83 1039
83 1072
83 1080
83 1124
84 193
84 401
84 601
84 602
84 630
84 857
84 901
84 959
84 994
84 1168
84 1261
84 1272
84 1287
84 1316
84 1371
85 133
85 186
85 278
85 358
85 390
85 641
85 699
85 703
85 753
85 945
85 997
85 1064
85 1121
85 1143
85 1469
86 336
86 341
86 483
86 668
86 706
86 917
86 978
86 1143
86 1159
86 1200
86 1296
86 1381
87 136
87 168
87 188
87 347
87 464
87 526
87 534
87 612
87 685
87 738
87 788
87 801
87 818
87 826
87 831
87 920
87 1094
87 1237
87 1383
87 1443
88 201
88 284
88 362
88 491
88 596
88 951
88 1136
88 1242
88 1285
88 1390
89 364
89 455
89 587
89 817
89 915
89 999
89 1132
89 1139
89 1316
89 1389
90 284
90 292
90 344
90 552
90 985
90 1108
90 1427
90 1476
91 117
91 259
91 658
91 927
91 1112
91 1252
91 1274
91 1444
91 1469
92 99
92 228
92 348
92 366
92 425
92 431
92 451
92 597
92 673
92 718
92 822
92 825
92 925
92 1041
92 1047
92 1233
92 1431
93 454
93 458
93 540
93 552
93 731
93 828
93 835
93 913
93 986
93 1190
93 1340
93 1360
94 326
94 454
94 481
94 485
94 514
94 589
94 636
94 649
94 687
94 861
94 1001
94 1235
94 1287
95 279
95 414
95 492
95 1085
95 1088
95 1193
95 1289
96 128
96 289
96 478
96 602
96 716
96 826
96 889
96 989
96 1009
96 1083
96 1093
96 1162
96 1198
96 1304
96 1307
96 1413
97 114
97 174
97 235
97 268
97 328
97 501
97 715
97 741
97 891
97 1187
97 1256
97 1300
97 1395
97 1434
98 418
98 432
98 689
98 709
98 882
98 1027
98 1228
98 1233
98 1352
98 1433
98 1434
99 169
99 230
99 421
99 495
99 509
99 713
99 755
99 811
99 999
99 1035
99 1094
99 1184
99 1326
99 1489
100 286
100 351
100 383
100 449
100 553
100 890
100 1041
100 1150
100 1275
100 1303
100 1314
100 1448
100 1477
101 153
101 198
101 299
101 410
101 593
101 692
101 824
101 941
101 1297
101 1334
101 1345
102 119
102 248
102 288
102 342
102 381
102 422
102 463
102 496
102 567
102 596
102 724
102 802
102 819
102 910
102 1069
102 1222
102 1277
103 162
103 197
103 247
103 255
103 312
103 315
103 320
103 338
103 377
103 382
103 549
103 889
103 910
103 988
103 1242
103 1309
103 1333
103 1361
103 1397
104 110
104 277
104 314
104 320
104 474
104 485
104 528
104 550
104 623
104 999
104 1014
104 1330
104 1407
105 263
105 380
105 682
105 813
105 942
105 954
105 1028
105 1034
105 1060
105 1380
105 1432
105 1440
106 170
106 243
106 328
106 332
106 373
106 439
106 622
106 792
106 868
106 942
106 1041
106 1177
106 1230
106 1265
106 1291
106 1361
106 1495
107 131
107 191
107 342
107 605
107 697
107 727
107 748
107 783
107 846
107 900
107 1167
107 1244
108 164
108 213
108 506
108 567
108 625
108 761
108 765
108 817
108 836
108 1044
108 1136
108 1174
108 1189
108 1264
108 1401
108 1453
109 122
109 249
109 271
109 576
109 617
109 687
109 774
109 865
109 1001
109 1073
109 1081
109 1177
109 1233
109 1246
109 1261
109 1381
109 1387
110 129
110 142
110 221
110 229
110 387
110 605
110 622
110 631
110 703
110 734
110 830
110 938
110 1042
110 1052
110 1115
110 1121
110 1188
110 1205
110 1251
110 1294
110 1329
110 1440
111 201
111 230
111 263
111 275
111 316
111 358
111 453
111 467
111 474
111 519
111 548
111 909
111 956
111 1104
111 1124
111 1180
111 1246
111 1258
111 1260
112 191
112 304
112 328
112 616
112 748
112 1177
112 1267
112 1293
112 1362
112 1494
113 200
113 364
113 413
113 465
113 604
113 647
113 725
113 792
113 822
113 947
113 961
113 1272
113 1457
114 159
114 489
114 789
114 1128
114 1170
114 1256
114 1366
114 1377
114 1384
115 137
115 330
115 533
115 574
115 905
115 924
115 1109
115 1159
115 1190
115 1200
116 226
116 357
116 528
116 548
116 627
116 654
116 874
116 1091
116 1170
116 1208
116 1348
116 1402
116 1455
116 1495
117 206
117 304
117 330
117 368
117 587
117 636
117 675
117 740
117 766
117 807
117 843
117 897
117 930
117 1189
117 1276
118 121
118 401
118 704
118 710
118 953
118 985
118 1357
118 1358
118 1432
118 1447
119 200
119 210
119 345
119 600
119 634
119 693
119 763
119 797
119 941
119 992
119 1251
119 1306
119 1435
120 369
120 408
120 472
120 507
120 527
120 529
120 576
120 749
120 966
120 1043
120 1065
120 1305
120 1481
121 296
121 338
121 465
121 528
121 687
121 760
121 783
121 860
121 909
121 996
121 1044
121 1045
121 1082
121 1280
121 1289
121 1425
122 136
122 147
122 194
122 286
122 289
122 307
122 564
122 614
122 851
122 857
122 861
122 867
122 1153
122 1325
122 1428
122 1471
123 205
123 393
123 537
123 614
123 802
123 864
123 948
123 1370
123 1400
123 1437
123 1496
124 161
124 262
124 295
124 696
124 759
124 788
124 1095
124 1364
125 202
125 208
125 227
125 261
125 417
125 426
125 558
125 732
125 775
125 779
125 821
125 1048
125 1162
126 245
126 259
126 359
126 403
126 782
126 917
126 1120
126 1273
126 1377
126 1396
126 1498
127 137
127 152
127 177
127 254
127 368
127 427
127 461
127 490
127 558
127 601
127 924
127 1033
127 1122
127 1222
127 1422
127 1494
128 262
128 306
128 335
128 336
128 366
128 457
128 481
128 520
128 574
128 647
128 996
128 1030
128 1291
128 1323
129 181
129 312
129 342
129 416
129 529
129 557
129 602
129 673
129 828
129 895
129 974
129 1022
129 1042
129 1056
129 1099
129 1260
129 1317
129 1355
129 1360
129 1369
129 1458
130 215
130 324
130 428
130 448
130 557
130 685
130 735
130 738
130 798
130 809
130 947
130 995
130 1076
130 1098
130 1131
130 1176
130 1255
130 1408
130 1422
130 1455
131 296
131 486
131 611
131 751
131 862
131 913
131 999
131 1071
131 1087
131 1216
131 1457
132 191
132 273
132 370
132 409
132 415
132 461
132 486
132 580
132 706
132 820
132 828
132 851
132 901
132 983
132 1003
132 1034
132 1047
132 1309
132 1311
132 1459
133 197
133 212
133 266
133 566
133 965
133 1065
133 1127
134 514
134 555
134 556
134 673
134 711
134 828
134 847
134 871
134 940
134 1030
134 1064
134 1081
134 1178
134 1278
134 1359
135 216
135 247
135 370
135 809
135 1015
135 1072
135 1080
135 1110
135 1130
135 1145
135 1206
135 1325
135 1337
135 1425
136 209
136 403
136 444
136 474
136 482
136 606
136 666
136 773
136 899
136 1037
136 1054
136 1309
136 1484
137 220
137 280
137 319
137 349
137 468
137 500
137 670
137 677
137 683
137 700
137 773
137 787
137 803
137 816
137 953
137 994
137 1016
137 1092
137 1098
137 1182
137 1197
137 1291
137 1359
137 1399
138 194
138 340
138 713
138 751
138 788
138 854
138 889
138 984
138 1383
138 1424
139 187
139 244
139 246
139 277
139 342
139 452
139 469
139 495
139 534
139 629
139 1062
139 1110
139 1131
139 1194
139 1238
139 1324
139 1352
139 1356
140 170
140 217
140 278
140 279
140 297
140 382
140 508
140 571
140 725
140 728
140 1023
140 1125
140 1239
140 1290
140 1341
140 1359
140 1433
140 1451
140 1476
141 300
141 373
141 374
141 448
141 589
141 614
141 660
141 776
141 857
141 916
141 1070
141 1108
141 1236
141 1336
141 1496
142 242
142 736
142 740
142 844
142 944
142 971
142 1004
142 1031
142 1052
142 1084
142 1086
142 1157
142 1293
143 266
143 439
143 563
143 895
143 1225
143 1285
143 1422
144 186
144 468
144 522
144 613
144 659
144 801
144 1011
144 1080
144 1258
144 1287
144 1295
144 1396
144 1415
144 1464
145 296
145 342
145 449
145 593
145 594
145 799
145 813
145 892
145 1222
145 1289
145 1371
145 1462
145 1491
146 185
146 253
146 267
146 307
146 360
146 480
146 510
146 526
146 628
146 671
146 718
146 764
146 881
146 965
146 970
146 978
146 1019
146 1068
146 1109
146 1157
146 1292
146 1396
147 329
147 383
147 403
147 460
147 772
147 916
147 996
147 1073
147 1092
147 1369
147 1449
147 1477
148 239
148 289
148 448
148 530
148 560
148 682
148 683
148 723
148 880
148 893
148 904
148 1052
148 1120
148 1316
148 1392
149 187
149 276
149 283
149 316
149 649
149 705
149 951
149 1208
149 1403
150 296
150 648
150 701
150 818
150 847
150 938
150 984
150 1093
150 1171
150 1295
150 1433
150 1440
151 292
151 384
151 456
151 717
151 782
151 1080
151 1084
151 1255
151 1269
151 1331
151 1362
152 314
152 382
152 409
152 450
152 578
152 587
152 837
152 841
152 844
152 877
152 1315
152 1428
153 231
153 278
153 408
153 505
153 614
153 615
153 661
153 966
153 979
153 982
153 1080
153 1092
153 1093
153 1094
153 1238
153 1249
153 1282
153 1470
153 1487
154 442
154 603
154 754
154 926
154 965
154 1012
154 1142
154 1164
154 1175
154 1220
154 1463
155 343
155 451
155 494
155 608
155 678
155 763
155 1108
155 1166
155 1174
155 1241
155 1322
155 1362
155 1404
156 169
156 185
156 199
156 269
156 344
156 434
156 635
156 710
156 1009
156 1079
156 1180
156 1225
156 1236
156 1295
156 1306
156 1454
157 344
157 557
157 675
157 839
157 875
157 963
157 1108
157 1320
157 1363
157 1430
157 1462
157 1481
158 244
158 254
158 300
158 465
158 589
158 606
158 648
158 680
158 714
158 758
158 789
158 827
158 1060
158 1174
158 1313
159 301
159 374
159 564
159 612
159 776
159 948
159 1070
159 1207
159 1399
160 627
160 653
160 771
160 1011
160 1055
160 1057
160 1077
160 1124
160 1251
160 1282
161 179
161 215
161 224
161 672
161 761
161 779
161 821
161 1088
161 1239
161 1252
162 226
162 269
162 354
162 392
162 556
162 644
162 676
162 898
162 924
162 1005
162 1058
162 1176
162 1379
162 1384
162 1467
163 308
163 365
163 373
163 493
163 607
163 764
163 937
163 992
163 1046
163 1404
164 392
164 538
164 569
164 570
164 633
164 886
164 1135
164 1211
164 1383
164 1470
165 323
165 471
165 547
165 704
165 724
165 761
165 828
165 895
165 944
165 979
165 997
165 1312
166 186
166 188
166 198
166 202
166 485
166 527
166 682
166 708
166 782
166 807
166 845
166 891
166 944
166 962
166 965
166 998
166 1025
166 1090
166 1101
166 1109
166 1136
166 1263
166 1397
166 1399
166 1472
167 494
167 541
167 831
167 872
167 1190
167 1204
167 1232
167 1485
168 175
168 182
168 282
168 344
168 375
168 692
168 764
168 964
168 1167
168 1200
168 1318
169 211
169 486
169 542
169 554
169 583
169 602
169 663
169 970
169 997
169 1028
169 1173
169 1324
169 1332
169 1340
169 1391
170 217
170 222
170 294
170 300
170 340
170 692
170 709
170 722
170 818
170 1094
170 1286
170 1355
170 1370
170 1480
170 1488
171 188
171 277
171 802
171 894
171 1001
171 1132
171 1258
172 329
172 569
172 620
172 663
172 716
172 736
172 795
172 877
172 903
172 944
172 996
172 1131
172 1224
172 1300
172 1349
172 1364
172 1453
173 235
173 485
173 499
173 592
173 725
173 755
173 809
173 822
173 862
173 1136
173 1176
173 1343
173 1361
173 1408
174 203
174 264
174 296
174 382
174 398
174 688
174 879
174 883
174 1063
174 1214
174 1387
175 304
175 308
175 321
175 356
175 384
175 501
175 584
175 655
175 987
175 1067
175 1259
175 1268
176 262
176 272
176 311
176 353
176 420
176 598
176 923
176 1104
176 1131
176 1335
176 1416
176 1436
177 327
177 357
177 553
177 686
177 691
177 1098
177 1210
177 1404
178 180
178 311
178 401
178 496
178 537
178 550
178 627
178 655
178 773
178 777
178 833
178 864
178 1011
178 1025
178 1168
178 1302
178 1406
179 273
179 291
179 374
179 468
179 561
179 583
179 601
179 661
179 695
179 979
179 1032
179 1125
179 1145
179 1251
179 1276
179 1312
179 1395
179 1494
180 255
180 270
180 303
180 640
180 721
180 766
180 924
180 1085
180 1110
180 1143
180 1161
180 1199
180 1234
180 1377
180 1488
181 202
181 211
181 379
181 407
181 503
181 599
181 638
181 666
181 677
181 962
181 1193
181 1260
181 1355
182 272
182 341
182 502
182 579
182 760
182 816
182 822
182 843
182 956
182 1031
182 1232
182 1406
182 1426
182 1452
183 215
183 294
183 355
183 361
183 495
183 596
183 668
183 680
183 773
183 805
183 1171
183 1221
183 1453
184 205
184 223
184 348
184 402
184 570
184 585
184 673
184 751
184 993
184 1143
184 1235
184 1288
184 1334
184 1352
184 1396
185 240
185 242
185 336
185 347
185 464
185 473
185 606
185 632
185 699
185 739
185 1049
185 1205
185 1282
185 1380
185 1484
186 389
186 501
186 564
186 668
186 764
186 880
186 1055
186 1128
186 1130
186 1296
186 1360
186 1474
187 349
187 356
187 397
187 404
187 417
187 434
187 505
187 548
187 658
187 686
187 739
187 790
187 829
187 854
187 1013
187 1018
187 1206
187 1295
188 289
188 614
188 812
188 962
188 967
188 980
188 1071
188 1092
188 1099
188 1316
188 1350
188 1414
188 1421
189 259
189 260
189 330
189 370
189 398
189 478
189 518
189 649
189 910
189 912
189 921
189 990
189 1097
189 1119
189 1184
189 1208
189 1214
189 1220
189 1442
190 208
190 329
190 506
190 524
190 526
190 746
190 1022
190 1196
190 1213
190 1434
191 192
191 203
191 246
191 384
191 433
191 543
191 545
191 884
191 886
191 1128
191 1175
191 1208
191 1240
191 1324
191 1356
191 1367
191 1373
191 1382
191 1396
191 1417
192 261
192 262
192 323
192 373
192 447
192 465
192 496
192 651
192 686
192 701
192 767
192 770
192 888
192 1021
192 1113
192 1324
192 1339
193 348
193 487
193 515
193 667
193 689
193 740
193 745
193 1038
193 1176
193 1211
193 1296
193 1355
193 1489
194 295
194 411
194 552
194 630
194 633
194 640
194 653
194 867
194 970
194 1280
195 348
195 430
195 628
195 969
195 1193
195 1234
196 219
196 223
196 417
196 526
196 613
196 635
196 667
196 699
196 802
196 850
196 884
196 920
196 973
196 987
196 1041
196 1238
196 1428
197 303
197 423
197 460
197 536
197 584
197 632
197 750
197 825
197 1112
197 1170
197 1400
197 1471
198 273
198 284
198 368
198 696
198 786
198 828
198 869
198 919
198 1044
198 1116
198 1229
199 203
199 261
199 269
199 344
199 346
199 371
199 383
199 384
199 392
199 474
199 548
199 633
199 662
199 711
199 864
199 1046
199 1093
199 1163
199 1223
199 1459
199 1482
199 1496
200 446
200 523
200 595
200 719
200 1060
200 1250
200 1370
200 1391
200 1471
201 206
201 268
201 308
201 318
201 374
201 499
201 513
201 608
201 780
201 935
201 1045
201 1184
201 1494
202 292
202 352
202 406
202 500
202 621
202 656
202 774
202 931
202 995
202 1011
202 1026
202 1132
202 1167
202 1206
202 1295
202 1317
202 1385
202 1397
202 1498
203 215
203 230
203 248
203 511
203 512
203 550
203 634
203 656
203 681
203 886
203 888
203 964
203 1115
203 1214
203 1392
204 321
204 449
204 596
204 759
204 900
204 932
204 966
204 1281
204 1340
204 1393
204 1479
205 220
205 291
205 438
205 476
205 479
205 780
205 867
205 984
205 1065
205 1187
205 1386
205 1468
205 1469
206 302
206 455
206 459
206 494
206 511
206 522
206 618
206 759
206 824
206 910
206 1001
206 1006
206 1087
206 1138
206 1139
206 1206
206 1318
206 1326
206 1330
206 1358
206 1400
206 1432
207 313
207 344
207 414
207 481
207 510
207 714
207 1041
207 1234
207 1323
207 1387
208 352
208 432
208 542
208 554
208 637
208 681
208 683
208 777
208 794
208 857
208 985
208 1000
208 1141
208 1256
208 1397
208 1418
209 411
209 447
209 461
209 518
209 538
209 599
209 644
209 729
209 1078
209 1160
209 1176
209 1188
209 1313
209 1397
210 259
210 284
210 795
210 1221
210 1462
210 1479
211 238
211 275
211 505
211 611
211 760
211 766
211 928
211 943
211 958
211 1055
211 1086
211 1395
211 1441
211 1460
212 323
212 366
212 599
212 801
212 957
212 972
212 1066
212 1080
212 1254
213 253
213 302
213 312
213 319
213 417
213 556
213 792
213 895
213 1075
213 1190
213 1194
214 255
214 364
214 365
214 384
214 508
214 786
214 843
214 845
214 892
214 917
214 949
214 1024
214 1059
214 1074
214 1218
214 1472
215 241
215 251
215 533
215 773
215 834
215 850
215 854
215 964
215 983
215 1044
215 1066
215 1083
215 1366
215 1417
215 1451
216 229
216 293
216 295
216 336
216 351
216 578
216 622
216 1108
216 1163
216 1386
216 1390
216 1497
217 466
217 590
217 962
217 1011
217 1138
217 1158
217 1189
217 1196
217 1223
217 1283
217 1376
217 1470
218 264
218 345
218 351
218 444
218 447
218 466
218 560
218 689
218 771
218 797
218 893
218 1042
218 1132
218 1133
218 1273
219 246
219 278
219 343
219 358
219 407
219 447
219 691
219 913
219 921
219 1033
219 1140
219 1196
220 256
220 368
220 651
220 703
220 763
220 777
220 902
220 994
220 1178
221 224
221 226
221 307
221 343
221 408
221 416
221 439
221 548
221 603
221 614
221 793
221 860
221 866
221 914
221 933
221 951
221 1002
221 1143
221 1172
221 1233
221 1322
221 1341
221 1343
222 292
222 339
222 423
222 784
222 1033
222 1062
222 1159
222 1258
222 1289
222 1334
222 1402
223 409
223 418
223 546
223 550
223 568
223 681
223 685
223 701
223 850
223 910
223 954
223 1003
223 1141
223 1331
223 1347
223 1475
223 1479
224 264
224 295
224 393
224 503
224 509
224 571
224 663
224 690
224 739
224 847
224 887
224 908
224 1282
225 385
225 430
225 597
225 805
225 816
225 890
225 933
225 1101
225 1249
225 1393
225 1426
225 1457
225 1490
226 258
226 277
226 336
226 537
226 713
226 721
226 724
226 853
226 884
226 1045
226 1096
226 1153
226 1321
226 1467
227 485
227 705
227 798
227 822
227 867
227 1122
227 1402
228 289
228 326
228 333
228 351
228 403
228 421
228 500
228 513
228 600
228 793
228 907
228 912
228 984
228 996
228 1026
228 1060
228 1322
228 1484
229 305
229 524
229 623
229 693
229 860
229 939
229 1116
229 1246
229 1253
229 1416
229 1478
230 276
230 305
230 312
230 399
230 456
230 549
230 590
230 698
230 999
230 1045
230 1150
230 1276
230 1302
230 1317
230 1383
231 435
231 490
231 784
231 829
231 842
231 890
231 948
231 1089
231 1095
231 1141
231 1361
231 1462
232 301
232 328
232 431
232 523
232 618
232 741
232 791
232 1066
232 1076
232 1154
232 1299
232 1336
232 1466
233 356
233 416
233 421
233 437
233 440
233 463
233 464
233 557
233 678
233 779
233 1124
233 1216
234 330
234 490
234 627
234 692
234 701
234 911
234 1040
234 1065
234 1097
234 1192
234 1391
234 1456
234 1472
234 1482
235 300
235 371
235 470
235 613
235 652
235 972
235 1000
235 1175
235 1220
235 1267
235 1285
235 1398
235 1434
236 239
236 280
236 306
236 314
236 363
236 435
236 463
236 484
236 546
236 705
236 771
236 788
236 917
236 1164
236 1250
237 278
237 296
237 538
237 579
237 595
237 682
237 700
237 777
237 905
237 1201
237 1228
237 1313
237 1355
237 1400
237 1462
238 314
238 382
238 443
238 474
238 477
238 496
238 571
238 595
238 661
238 1091
238 1159
238 1177
238 1281
238 1294
238 1383
239 299
239 337
239 358
239 395
239 523
239 655
239 744
239 827
239 853
239 1122
239 1224
239 1310
239 1363
239 1381
240 282
240 341
240 360
240 392
240 560
240 566
240 688
240 984
240 1061
240 1085
240 1095
240 1245
240 1347
240 1378
241 537
241 704
241 805
241 903
241 937
241 939
241 950
241 1033
241 1061
241 1093
241 1112
241 1144
241 1209
241 1254
241 1350
241 1425
242 303
242 330
242 375
242 448
242 731
242 885
242 902
242 992
242 1252
242 1290
242 1307
242 1320
242 1485
243 249
243 352
243 431
243 461
243 525
243 577
243 587
243 990
243 1177
243 1332
243 1338
244 389
244 552
244 587
244 647
244 1088
244 1095
244 1272
244 1433
245 279
245 301
245 343
245 636
245 644
245 788
245 1052
245 1344
245 1489
245 1494
246 291
246 349
246 409
246 476
246 665
246 801
246 1110
246 1257
246 1306
246 1396
246 1445
246 1485
246 1491
247 498
247 650
247 744
247 824
247 863
247 981
247 1013
247 1078
247 1091
247 1238
247 1412
248 253
248 461
248 498
248 549
248 598
248 700
248 719
248 788
248 910
248 968
248 1137
248 1207
248 1243
248 1305
248 1466
249 558
249 576
249 800
249 861
249 897
249 914
249 1081
249 1118
249 1333
249 1487
250 259
250 289
250 311
250 317
250 375
250 425
250 596
250 775
250 789
250 970
250 1133
250 1286
250 1336
250 1407
250 1454
251 858
251 894
251 1028
251 1318
251 1337
251 1373
251 1427
252 376
252 429
252 478
252 725
252 834
252 854
252 875
252 993
252 1001
252 1076
252 1184
252 1287
252 1289
252 1309
252 1414
252 1484
252 1491
253 327
253 392
253 514
253 668
253 725
253 836
253 866
253 884
253 1020
253 1255
253 1305
254 275
254 363
254 388
254 610
254 614
254 674
254 684
254 883
254 918
254 978
254 1183
254 1192
254 1474
255 346
255 529
255 620
255 647
255 813
255 1003
255 1274
256 468
256 592
256 632
256 651
256 664
256 741
256 1007
256 1146
257 285
257 365
257 431
257 504
257 554
257 781
257 883
257 969
257 1047
257 1080
258 297
258 470
258 759
258 861
258 863
258 1120
258 1315
258 1418
258 1440
259 294
259 407
259 664
259 715
259 800
259 816
259 909
259 960
259 1001
259 1057
259 1208
259 1296
260 314
260 396
260 423
260 461
260 505
260 526
260 532
260 539
260 585
260 683
260 915
260 969
260 970
260 973
260 976
260 1001
260 1103
260 1211
260 1265
260 1294
260 1343
260 1479
261 272
261 332
261 430
261 569
261 657
261 930
261 948
261 958
261 1119
261 1123
261 1142
261 1179
261 1380
262 304
262 309
262 406
262 494
262 653
262 657
262 673
262 740
262 917
262 958
262 965
262 984
262 1012
262 1170
262 1191
262 1232
262 1255
262 1313
262 1405
262 1447
263 275
263 339
263 976
263 987
263 1042
263 1229
263 1233
263 1249
263 1309
264 344
264 404
264 529
264 546
264 560
264 650
264 700
264 973
264 1107
264 1125
264 1173
264 1256
264 1309
264 1342
264 1366
264 1445
265 321
265 347
265 367
265 531
265 747
265 827
265 901
265 1087
265 1202
265 1242
265 1293
265 1308
265 1314
265 1325
265 1337
266 276
266 366
266 759
266 969
267 386
267 475
267 523
267 528
267 684
267 750
267 857
267 938
267 960
267 1046
267 1133
267 1232
267 1273
267 1290
267 1444
268 310
268 459
268 480
268 615
268 653
268 690
268 696
268 766
268 793
268 820
268 843
268 905
268 1082
268 1191
268 1240
268 1368
269 412
269 437
269 442
269 482
269 483
269 596
269 614
269 672
269 698
269 895
269 1188
269 1204
269 1205
269 1308
270 438
270 608
270 796
270 812
270 1070
270 1211
270 1248
270 1267
270 1328
270 1479
271 373
271 498
271 517
271 645
271 821
271 871
271 1151
271 1193
271 1274
271 1438
272 320
272 455
272 812
272 870
272 909
272 943
272 963
272 1004
272 1144
272 1208
272 1350
272 1398
273 364
273 556
273 569
273 619
273 630
273 765
273 910
273 1132
273 1156
273 1183
273 1224
273 1293
273 1341
273 1466
274 292
274 303
274 355
274 553
274 804
274 861
274 1087
274 1150
274 1211
274 1268
274 1343
274 1361
274 1479
275 308
275 425
275 436
275 552
275 611
275 884
275 913
275 933
275 954
275 1021
275 1032
275 1111
275 1135
275 1141
275 1155
275 1161
275 1167
275 1226
275 1232
275 1447
276 461
276 690
276 911
276 1157
276 1230
276 1260
277 406
277 553
277 655
277 754
277 769
277 835
277 836
277 897
277 915
277 1018
277 1119
278 313
278 535
278 640
278 803
278 876
278 1126
278 1213
278 1243
279 357
279 482
279 515
279 522
279 659
279 706
279 782
279 845
279 1259
279 1299
279 1392
280 366
280 370
280 409
280 451
280 486
280 604
280 657
280 787
280 793
280 821
280 829
280 938
280 987
280 1011
280 1086
280 1098
280 1201
280 1209
280 1355
280 1368
281 368
281 633
281 715
281 872
281 985
281 1080
281 1192
281 1264
281 1296
281 1493
282 389
282 498
282 528
282 550
282 584
282 713
282 826
282 1053
282 1140
282 1252
282 1392
282 1402
283 319
283 352
283 387
283 487
283 564
283 571
283 844
283 950
283 1264
283 1420
283 1435
283 1452
284 543
284 676
284 785
284 927
284 974
284 1200
284 1229
284 1258
284 1261
284 1267
284 1310
284 1342
284 1358
284 1436
285 308
285 309
285 363
285 414
285 719
285 900
285 1066
285 1247
285 1409
285 1425
285 1471
286 431
286 476
286 498
286 509
286 510
286 550
286 648
286 656
286 947
286 967
286 985
286 1014
286 1019
286 1127
286 1138
286 1222
286 1226
286 1366
286 1383
287 433
287 548
287 634
287 767
287 824
287 1014
287 1053
288 313
288 431
288 487
288 857
288 1037
288 1080
288 1110
288 1201
288 1416
289 291
289 395
289 506
289 512
289 624
289 645
289 652
289 685
289 1025
289 1332
289 1442
289 1468
290 309
290 315
290 327
290 393
290 657
290 898
290 939
290 1000
290 1166
290 1293
290 1342
290 1452
291 328
291 440
291 761
291 762
291 779
291 855
291 1215
291 1436
291 1437
291 1485
292 429
292 656
292 676
292 680
292 699
292 943
292 1025
292 1035
292 1088
292 1158
292 1309
292 1317
292 1388
292 1454
293 415
293 417
293 533
293 656
293 760
293 868
293 934
293 1016
293 1117
293 1153
293 1222
293 1305
294 373
294 375
294 504
294 740
294 833
294 910
294 1135
294 1186
294 1222
294 1309
295 990
295 1019
295 1246
295 1275
295 1285
295 1476
295 1499
296 360
296 583
296 590
296 609
296 642
296 691
296 794
296 894
296 968
296 1089
296 1153
296 1160
296 1184
296 1360
297 489
297 582
297 595
297 621
297 634
297 687
297 721
297 826
297 1089
297 1096
297 1237
297 1242
297 1389
298 577
298 585
298 613
298 695
298 886
298 1173
298 1217
298 1246
299 511
299 535
299 637
299 696
299 724
299 740
299 751
299 767
299 824
299 896
299 1028
299 1241
299 1365
299 1396
299 1461
300 314
300 531
300 589
300 598
300 1001
300 1043
300 1138
300 1147
300 1251
301 372
301 418
301 465
301 515
301 585
301 651
301 880
301 906
301 1136
301 1156
301 1331
301 1497
302 360
302 392
302 577
302 783
302 815
302 916
302 1060
302 1066
302 1491
303 392
303 626
303 753
303 829
303 834
303 842
303 892
303 993
303 1181
304 444
304 697
304 734
304 879
304 889
304 1154
304 1454
304 1480
305 359
305 397
305 481
305 547
305 845
305 849
305 948
305 1048
305 1354
306 324
306 397
306 441
306 447
306 580
306 1022
306 1139
306 1142
306 1211
306 1484
307 389
307 504
307 628
307 658
307 1116
307 1180
307 1329
307 1376
307 1417
307 1426
308 543
308 546
308 657
308 750
308 817
308 901
308 1306
308 1325
308 1400
309 341
309 505
309 514
309 581
309 693
309 825
309 1384
309 1482
309 1499
310 315
310 326
310 373
310 564
310 584
310 712
310 760
310 765
310 991
310 1017
310 1045
310 1206
310 1420
310 1445
310 1449
310 1455
310 1485
311 492
311 580
311 665
311 927
311 943
311 973
311 992
311 1028
311 1331
312 336
312 368
312 376
312 491
312 680
312 699
312 854
312 858
312 906
312 1220
312 1428
312 1466
313 516
313 613
313 721
313 748
313 808
313 883
313 950
313 971
313 987
313 1158
313 1178
313 1196
313 1263
313 1289
313 1292
313 1405
314 577
314 613
314 803
314 944
314 1233
314 1298
314 1332
314 1346
314 1360
314 1387
314 1392
314 1451
314 1478
315 400
315 455
315 494
315 534
315 751
315 792
315 1003
315 1110
315 1150
315 1236
315 1320
315 1381
316 318
316 368
316 403
316 542
316 657
316 732
316 740
316 936
316 966
316 988
316 1062
316 1078
316 1137
316 1172
316 1184
316 1282
316 1306
316 1368
317 331
317 341
317 609
317 637
317 658
317 703
317 729
317 820
317 836
317 911
317 930
317 964
317 1152
317 1316
318 508
318 681
318 711
318 1002
318 1068
318 1173
318 1272
318 1298
318 1458
319 335
319 362
319 410
319 529
319 587
319 751
319 779
319 847
319 857
319 997
319 1056
319 1203
319 1263
319 1395
319 1485
320 552
320 616
320 632
320 668
320 697
320 795
320 889
320 1025
320 1291
321 407
321 612
321 692
321 779
321 1039
321 1056
321 1213
321 1262
322 411
322 556
322 677
322 688
322 758
322 871
322 954
322 1013
322 1022
322 1259
322 1360
323 330
323 485
323 522
323 563
323 569
323 625
323 753
323 806
323 946
323 1054
323 1078
323 1083
323 1182
323 1304
323 1484
323 1493
324 461
324 507
324 536
324 694
324 734
324 737
324 769
324 992
324 1122
324 1246
324 1305
324 1377
324 1387
324 1487
325 330
325 447
325 477
325 498
325 542
325 561
325 619
325 710
325 812
325 885
325 1011
325 1076
325 1145
325 1209
326 496
326 609
326 656
326 684
326 697
326 865
326 1071
326 1194
326 1407
326 1487
327 344
327 484
327 739
327 746
327 814
327 916
327 925
327 981
327 1013
327 1357
327 1440
328 422
328 425
328 633
328 776
328 791
328 863
328 998
328 1202
328 1372
328 1387
328 1430
329 340
329 493
329 530
329 764
329 791
329 822
329 954
329 1042
329 1096
329 1260
329 1297
329 1320
329 1366
329 1382
329 1443
330 433
330 485
330 539
330 643
330 707
330 724
330 737
330 774
330 831
330 1196
330 1490
331 418
331 537
331 789
331 834
331 925
331 984
331 1102
331 1134
331 1208
331 1240
331 1283
331 1482
332 399
332 569
332 643
332 682
332 766
332 947
332 1061
332 1162
332 1247
332 1301
333 393
333 677
333 686
333 881
333 902
333 1228
333 1235
333 1251
334 371
334 465
334 474
334 530
334 556
334 592
334 648
334 776
334 988
334 1109
334 1136
334 1238
334 1438
334 1443
335 512
335 571
335 597
335 610
335 678
335 709
335 987
335 1005
335 1136
335 1303
335 1341
335 1499
336 425
336 536
336 572
336 584
336 598
336 671
336 893
336 955
336 1141
336 1203
336 1252
336 1277
337 360
337 510
337 653
337 721
337 750
337 1174
337 1194
338 352
338 384
338 527
338 826
338 882
338 1005
338 1108
338 1128
338 1313
338 1437
339 669
339 830
339 893
339 897
339 920
339 949
339 976
339 1209
339 1308
339 1329
339 1363
339 1414
339 1430
339 1452
340 467
340 474
340 500
340 642
340 673
340 814
340 830
340 859
340 897
340 961
340 1103
340 1130
340 1172
340 1180
340 1366
340 1438
340 1496
341 430
341 458
341 470
341 508
341 633
341 667
341 739
341 903
341 932
341 971
341 1038
341 1055
341 1117
341 1183
341 1194
341 1269
341 1430
341 1436
341 1468
342 408
342 431
342 502
342 534
342 562
342 572
342 726
342 816
342 823
342 992
342 1106
342 1434
343 354
343 434
343 709
343 761
343 924
343 1213
343 1331
343 1380
344 365
344 377
344 566
344 611
344 739
344 817
344 905
344 989
344 1007
344 1045
344 1106
344 1376
344 1457
345 437
345 547
345 752
345 804
345 852
345 882
345 916
345 1068
345 1156
345 1199
345 1420
345 1483
346 605
346 639
346 666
346 751
346 775
346 793
346 849
346 1006
346 1320
346 1356
347 506
347 620
347 744
347 927
347 963
347 1057
347 1146
347 1199
347 1211
347 1220
347 1288
347 1416
348 585
348 665
348 711
348 717
348 764
348 861
348 927
348 985
348 986
348 1079
348 1181
348 1365
348 1471
349 363
349 384
349 412
349 599
349 797
349 896
349 966
349 1028
349 1417
349 1464
350 370
350 469
350 478
350 483
350 507
350 876
350 893
350 924
350 939
350 1146
350 1304
350 1364
351 593
351 599
351 830
351 901
351 903
351 989
351 1009
351 1083
351 1408
351 1453
352 403
352 411
352 505
352 538
352 645
352 827
352 874
352 882
352 1179
352 1282
352 1354
352 1473
353 354
353 369
353 377
353 471
353 514
353 744
353 780
353 1008
353 1085
353 1339
354 418
354 711
354 845
354 963
354 1388
355 381
355 486
355 532
355 561
355 626
355 754
355 785
355 792
355 1104
355 1208
355 1226
355 1337
355 1378
355 1435
356 431
356 493
356 521
356 553
356 755
356 811
356 862
356 888
356 1136
356 1160
356 1325
356 1355
356 1408
356 1421
356 1462
357 502
357 683
357 730
357 972
357 976
357 987
357 1225
357 1258
357 1307
357 1341
357 1482
358 440
358 519
358 534
358 598
358 703
358 818
358 923
358 972
358 990
358 1022
358 1110
358 1344
358 1382
358 1419
358 1477
359 464
359 595
359 605
359 607
359 616
359 709
359 834
359 840
359 979
359 1116
359 1395
359 1397
359 1484
360 363
360 488
360 560
360 723
360 868
360 933
360 1279
360 1301
360 1405
361 459
361 492
361 520
361 620
361 625
361 647
361 650
361 1043
361 1062
361 1110
361 1126
361 1469
362 372
362 383
362 549
362 646
362 669
362 680
362 690
362 857
362 864
362 892
362 962
362 974
362 1083
362 1236
362 1417
362 1421
363 397
363 791
363 1213
363 1393
363 1416
364 504
364 648
364 686
364 860
364 1021
364 1088
364 1139
364 1408
365 384
365 395
365 495
365 499
365 538
365 599
365 650
365 656
365 662
365 673
365 735
365 748
365 751
365 835
365 968
365 992
365 1012
365 1105
365 1183
365 1265
365 1285
366 459
366 475
366 879
366 1429
367 486
367 553
367 560
367 675
367 812
367 868
367 1101
367 1182
367 1203
367 1294
367 1312
367 1345
367 1356
368 441
368 469
368 525
368 748
368 797
368 931
368 945
368 1078
368 1306
368 1389
369 528
369 624
369 639
369 672
369 882
369 903
369 916
369 920
369 1246
369 1410
370 550
370 625
370 660
370 747
370 775
370 1026
370 1067
370 1122
370 1288
370 1310
370 1350
370 1391
371 510
371 579
371 756
371 780
371 899
371 935
371 958
371 975
371 1283
371 1287
371 1364
371 1387
371 1478
372 397
372 414
372 464
372 640
372 645
372 745
372 1033
372 1037
372 1228
372 1389
372 1498
373 450
373 498
373 657
373 851
373 878
373 959
373 1057
373 1117
373 1213
373 1253
373 1263
373 1347
373 1396
373 1431
373 1432
373 1438
374 397
374 449
374 489
374 680
374 754
374 854
374 856
374 897
374 1150
374 1186
374 1272
374 1386
374 1441
375 451
375 698
375 724
375 772
375 898
375 943
375 991
375 1028
375 1187
375 1395
376 427
376 571
376 737
376 782
376 820
376 833
376 885
376 921
376 1168
376 1186
376 1198
376 1388
376 1443
376 1495
377 602
377 798
377 848
377 885
377 898
377 918
377 941
377 1096
377 1139
377 1173
377 1252
377 1289
377 1291
377 1403
377 1433
378 418
378 432
378 536
378 755
378 766
378 846
378 861
378 915
378 1010
378 1031
378 1160
378 1216
378 1267
378 1270
378 1313
379 383
379 384
379 413
379 491
379 568
379 667
379 811
379 831
379 989
379 1024
379 1258
380 663
380 675
380 854
380 1010
380 1030
380 1098
380 1161
380 1165
380 1175
380 1261
380 1365
381 420
381 436
381 460
381 651
381 737
381 810
381 813
381 873
381 1051
381 1146
381 1172
381 1349
382 649
382 683
382 741
382 819
382 909
382 982
382 1124
382 1129
382 1219
382 1229
382 1242
382 1326
382 1485
383 563
383 782
383 870
383 906
383 955
383 1199
383 1358
384 430
384 443
384 674
384 771
384 972
384 973
384 1096
385 431
385 583
385 775
385 821
385 857
385 1145
385 1158
385 1320
385 1355
385 1363
385 1448
386 435
386 484
386 540
386 647
386 662
386 886
386 923
386 1118
386 1179
386 1251
386 1336
386 1395
386 1402
386 1421
386 1453
386 1461
386 1480
387 576
387 603
387 812
387 829
387 921
387 1092
387 1183
387 1298
387 1491
388 446
388 563
388 649
388 660
388 688
388 716
388 857
388 919
388 1285
388 1350
388 1474
389 408
389 484
389 495
389 626
389 967
389 1058
389 1125
389 1265
390 549
390 692
390 708
390 777
390 921
390 927
390 1063
390 1090
390 1248
390 1402
391 486
391 584
391 817
391 831
391 1017
391 1143
391 1189
391 1238
391 1344
391 1440
391 1481
392 465
392 496
392 601
392 805
392 871
392 984
392 1077
392 1264
392 1409
392 1456
393 401
393 431
393 455
393 595
393 780
393 879
393 1036
393 1243
393 1273
393 1305
393 1428
393 1432
394 618
394 940
394 986
394 1155
394 1171
394 1224
394 1255
394 1367
394 1388
394 1456
395 424
395 491
395 581
395 659
395 712
395 758
395 783
395 1055
395 1132
395 1166
395 1177
395 1253
395 1269
396 539
396 640
396 677
396 830
396 858
396 989
396 1207
396 1241
396 1302
396 1334
396 1413
396 1419
396 1454
396 1462
397 437
397 495
397 580
397 660
397 769
397 1082
397 1158
397 1205
397 1298
397 1317
397 1480
398 406
398 445
398 639
398 677
398 741
398 799
398 813
398 814
398 926
398 937
398 940
398 1054
398 1164
398 1395
399 486
399 519
399 571
399 776
399 1030
399 1093
399 1199
399 1212
399 1322
399 1342
399 1424
400 443
400 444
400 466
400 481
400 576
400 744
400 788
400 969
400 1012
400 1109
400 1173
400 1278
400 1410
400 1479
401 566
401 631
401 671
401 819
401 1088
401 1166
401 1237
401 1250
401 1356
401 1358
401 1479
402 527
402 674
402 791
402 810
402 958
402 985
402 1086
403 407
403 419
403 454
403 576
403 950
403 975
403 980
403 987
403 1209
403 1283
403 1310
403 1426
403 1455
404 467
404 471
404 564
404 937
404 972
404 1034
404 1098
404 1129
404 1146
404 1206
404 1247
404 1318
404 1358
404 1359
405 507
405 571
405 584
405 810
405 980
405 995
405 1090
405 1135
405 1136
405 1317
405 1371
406 445
406 482
406 507
406 525
406 575
406 692
406 731
406 805
406 906
406 1001
406 1165
406 1192
406 1284
406 1387
407 603
407 793
407 891
407 1009
407 1067
407 1212
407 1237
407 1280
407 1316
407 1356
408 448
408 565
408 591
408 607
408 691
408 865
408 972
408 1052
408 1129
408 1170
408 1303
408 1402
408 1476
409 595
409 1070
410 490
410 953
410 1144
410 1337
410 1480
411 601
411 685
411 693
411 843
411 921
411 1044
411 1081
411 1222
411 1356
411 1412
411 1450
411 1460
411 1463
412 662
412 777
412 878
412 930
412 983
412 1062
412 1219
412 1234
412 1278
412 1438
412 1463
412 1473
413 433
413 509
413 532
413 704
413 1051
413 1090
413 1220
413 1236
413 1389
413 1426
414 768
414 991
414 1229
414 1256
414 1275
415 467
415 476
415 504
415 611
415 767
415 868
415 1047
415 1119
415 1325
415 1408
415 1424
415 1451
416 451
416 483
416 725
416 861
416 865
416 957
416 1021
416 1049
416 1119
416 1246
416 1260
416 1262
416 1308
416 1401
417 497
417 594
417 662
417 699
417 742
417 973
417 1022
417 1065
417 1075
417 1355
417 1487
418 669
418 889
418 1134
418 1142
418 1302
418 1480
419 449
419 457
419 576
419 772
419 784
419 957
419 1062
419 1163
419 1215
419 1387
419 1424
420 711
420 866
420 887
420 1256
420 1375
420 1472
421 431
421 457
421 521
421 532
421 673
421 759
421 948
421 1060
421 1101
421 1385
421 1487
422 501
422 691
422 801
422 867
422 984
422 1020
422 1085
422 1144
422 1316
423 797
423 929
423 946
423 949
423 1386
423 1471
424 470
424 786
424 824
424 911
424 966
424 1299
424 1327
424 1353
424 1453
425 455
425 586
425 1029
425 1053
425 1130
425 1298
425 1359
425 1404
425 1436
426 482
426 487
426 509
426 528
426 549
426 672
426 1025
426 1191
426 1202
426 1245
426 1291
426 1300
427 444
427 801
427 854
427 857
427 930
427 1184
427 1193
427 1289
428 563
428 713
428 840
428 889
428 944
428 986
428 1097
428 1166
428 1252
428 1359
428 1371
429 444
429 526
429 554
429 668
429 688
429 697
429 808
429 939
429 1011
429 1034
429 1171
429 1421
430 451
430 490
430 546
430 645
430 688
430 693
430 768
430 779
430 799
430 862
430 920
430 1043
430 1163
430 1209
430 1410
431 671
431 749
431 1087
431 1467
432 464
432 473
432 488
432 556
432 807
432 828
432 847
432 1096
432 1131
432 1198
432 1201
432 1238
432 1262
432 1427
433 506
433 721
433 764
433 932
433 945
433 982
433 1025
433 1205
433 1238
433 1239
433 1273
433 1490
434 539
434 614
434 835
434 850
434 881
434 934
434 987
434 1297
435 501
435 696
435 710
435 725
435 848
435 871
435 928
435 1113
435 1315
435 1333
435 1358
436 560
436 625
436 660
436 709
436 757
436 817
436 872
436 1194
436 1301
437 501
437 584
437 595
437 639
437 691
437 733
437 876
437 892
437 1221
438 503
438 839
438 873
438 921
438 1101
438 1317
438 1443
438 1495
439 448
439 499
439 755
439 791
439 795
439 811
439 1025
439 1039
439 1264
439 1297
439 1303
439 1386
439 1465
439 1486
440 448
440 457
440 547
440 561
440 584
440 587
440 832
440 897
440 1014
440 1118
440 1171
440 1176
440 1189
440 1226
440 1229
440 1238
440 1297
440 1338
441 462
441 581
441 597
441 708
441 738
441 908
441 945
441 984
441 1008
441 1059
441 1133
441 1169
441 1282
441 1337
441 1360
441 1492
442 642
442 746
442 806
442 986
442 1189
442 1331
442 1438
443 514
443 538
443 544
443 606
443 607
443 793
443 912
443 1041
443 1145
443 1295
443 1359
444 468
444 477
444 650
444 944
444 1043
444 1260
444 1318
445 506
445 623
445 626
445 657
445 703
445 794
445 841
445 893
445 1084
445 1180
446 483
446 494
446 570
446 608
446 722
446 752
446 783
446 869
446 942
446 955
446 983
446 1071
446 1271
446 1312
446 1393
447 683
447 790
447 889
447 890
447 1135
447 1219
447 1403
448 553
448 698
448 728
448 741
448 871
448 903
448 920
448 953
448 1039
448 1180
448 1215
448 1293
449 501
449 530
449 590
449 613
449 614
449 637
449 661
449 706
449 838
449 959
449 1101
449 1122
449 1217
449 1417
450 496
450 678
450 826
450 864
450 944
450 1099
450 1126
450 1226
450 1237
450 1320
450 1348
450 1361
450 1479
451 566
451 607
451 856
451 910
451 1123
451 1215
451 1348
452 543
452 584
452 642
452 720
452 884
452 913
452 976
452 1195
452 1266
452 1404
453 483
453 578
453 669
453 681
453 691
453 712
453 778
453 870
453 885
453 929
453 1010
453 1041
453 1099
453 1244
453 1488
454 707
454 813
454 875
454 904
454 994
454 1016
454 1047
454 1144
454 1169
454 1173
454 1259
454 1289
455 995
455 1045
455 1127
455 1276
455 1370
456 562
456 645
456 686
456 900
456 1112
457 589
457 594
457 660
457 789
457 847
457 859
457 939
457 1054
457 1121
457 1340
457 1477
458 482
458 572
458 599
458 838
458 869
458 932
458 945
458 1166
458 1185
458 1196
458 1360
458 1397
458 1458
458 1491
459 562
459 592
459 648
459 682
459 690
459 821
459 1003
459 1052
459 1069
459 1168
459 1182
459 1247
459 1259
459 1371
460 500
460 625
460 854
460 1038
460 1254
460 1264
460 1319
460 1327
460 1460
461 469
461 544
461 598
461 655
461 850
461 915
461 1199
461 1336
461 1420
462 478
462 593
462 598
462 665
462 722
462 906
462 975
462 1094
462 1269
462 1391
462 1425
462 1459
463 481
463 544
463 554
463 638
463 644
463 788
463 928
463 1051
463 1128
463 1132
463 1212
463 1273
463 1360
463 1474
464 495
464 546
464 554
464 593
464 860
464 1001
464 1084
464 1208
464 1238
464 1461
464 1482
465 509
465 558
465 809
465 1089
465 1216
465 1219
465 1270
465 1385
465 1404
466 488
466 583
466 850
466 1124
467 471
467 710
467 749
467 809
467 854
467 870
467 911
467 986
467 1149
467 1249
467 1271
467 1299
467 1467
468 634
468 668
468 733
468 786
468 978
468 1081
468 1171
468 1204
468 1368
468 1405
468 1428
468 1497
469 521
469 562
469 629
469 730
469 743
469 801
469 1150
469 1371
469 1380
469 1397
470 490
470 560
470 732
470 750
470 812
470 885
470 999
470 1054
471 514
471 621
471 699
471 756
471 1022
471 1024
471 1034
471 1190
471 1258
471 1393
471 1450
472 623
472 650
472 753
472 980
473 642
473 652
473 658
473 789
473 972
473 1034
473 1314
474 506
474 594
474 607
474 703
474 931
474 1079
474 1349
474 1433
474 1480
475 501
475 564
475 616
475 654
475 779
475 780
475 876
475 924
475 962
475 1047
475 1177
475 1449
476 574
476 626
476 679
476 685
476 809
476 877
476 932
476 1007
476 1141
476 1400
476 1440
477 580
477 599
477 690
477 844
477 1036
477 1141
477 1312
477 1391
477 1452
478 819
478 850
478 901
478 996
478 1095
478 1368
478 1409
478 1417
478 1471
479 530
479 535
479 652
479 721
479 727
479 747
479 822
479 824
479 864
479 962
479 975
479 1036
479 1173
479 1225
479 1265
479 1318
479 1327
479 1428
479 1474
480 791
480 916
480 932
480 966
480 1169
480 1191
480 1273
480 1332
480 1422
481 659
481 843
481 1096
481 1113
481 1120
481 1168
481 1283
481 1314
481 1364
481 1371
481 1431
482 503
482 554
482 811
482 878
482 1036
482 1203
482 1359
482 1403
483 554
483 698
483 861
483 873
483 1098
483 1110
483 1111
483 1450
483 1490
484 653
484 837
484 865
484 942
484 961
484 1059
484 1132
484 1260
484 1363
484 1498
485 669
485 773
485 850
485 868
485 924
485 958
485 1120
485 1209
485 1226
485 1496
486 624
486 664
486 774
486 854
486 859
486 865
486 936
486 981
486 1126
486 1253
486 1297
486 1316
486 1381
486 1438
487 510
487 705
487 713
487 823
487 987
487 1060
487 1115
487 1234
487 1279
487 1488
488 512
488 568
488 790
488 1109
488 1175
488 1218
489 574
489 634
489 670
489 729
489 849
489 862
489 1111
489 1200
489 1308
489 1332
489 1352
489 1383
490 628
490 707
490 739
490 1144
490 1380
490 1411
490 1437
490 1469
491 524
491 879
491 974
491 1047
491 1259
491 1430
492 767
492 830
492 843
492 914
492 1033
492 1205
492 1294
493 558
493 621
493 666
493 686
493 754
493 811
493 831
493 954
493 995
493 1131
493 1335
493 1364
493 1389
493 1434
493 1444
493 1449
493 1466
494 586
494 659
494 693
494 708
494 741
494 795
494 1130
494 1206
494 1402
494 1453
495 962
495 991
495 999
495 1048
495 1136
495 1170
495 1178
495 1223
495 1343
495 1421
496 516
496 577
496 622
496 912
496 947
496 1116
496 1167
496 1211
496 1227
496 1228
496 1295
497 629
497 643
497 829
497 861
497 936
497 1440
497 1447
498 505
498 551
498 584
498 624
498 742
498 1186
498 1397
499 847
499 905
499 1146
499 1211
499 1353
499 1395
499 1455
500 551
500 771
500 785
500 879
500 939
500 1020
500 1049
500 1219
500 1288
500 1320
500 1394
501 621
501 627
501 666
501 944
501 955
501 1012
501 1378
501 1408
501 1417
501 1436
501 1471
502 511
502 593
502 670
502 704
502 791
502 827
502 982
502 988
502 1132
502 1330
502 1369
503 635
503 811
503 845
503 870
503 945
503 1293
503 1330
503 1344
504 628
504 757
504 1302
504 1303
505 548
505 575
505 613
505 837
505 969
505 982
505 986
505 987
505 1121
506 527
506 539
506 597
506 630
506 810
506 1044
506 1047
506 1086
506 1095
506 1107
506 1236
506 1245
506 1286
506 1329
506 1385
506 1456
506 1478
507 634
507 640
507 1119
507 1173
507 1180
508 520
508 533
508 550
508 787
508 829
508 911
508 1018
508 1073
508 1170
508 1200
508 1209
508 1239
508 1258
508 1281
508 1283
508 1393
509 626
509 663
509 735
509 753
509 803
509 856
509 1099
509 1158
509 1207
509 1296
509 1429
510 659
510 686
510 763
510 778
510 825
510 889
510 1000
510 1308
510 1386
510 1442
511 593
511 652
511 693
511 700
511 724
511 770
511 773
511 955
511 984
511 1181
511 1213
511 1316
512 711
512 726
512 791
512 804
512 835
512 890
512 921
512 940
512 943
512 978
512 1067
512 1153
512 1159
512 1202
512 1240
512 1424
512 1426
512 1433
513 579
513 630
513 773
513 884
513 915
513 1120
513 1286
513 1378
514 601
514 849
514 956
514 957
514 980
514 1048
514 1075
514 1119
514 1168
514 1320
515 600
515 698
515 777
515 782
515 961
515 984
515 1118
515 1260
515 1261
515 1403
515 1419
516 747
516 882
516 1160
516 1229
516 1279
516 1318
516 1429
517 577
517 713
517 834
517 950
517 1001
517 1043
517 1114
517 1369
517 1448
518 578
518 940
518 963
518 1060
518 1068
518 1178
518 1314
518 1320
518 1343
519 682
519 720
519 753
519 757
519 775
519 920
519 1125
519 1251
519 1470
520 604
520 700
520 709
520 782
520 849
520 881
520 985
520 1118
520 1209
520 1317
520 1332
520 1357
520 1470
521 530
521 561
521 802
521 817
521 836
521 932
521 1405
521 1467
522 545
522 717
522 725
522 735
522 810
522 918
522 938
522 947
522 1476
523 552
523 733
523 952
523 1069
523 1072
523 1148
523 1341
523 1468
523 1474
524 570
524 882
524 923
524 975
524 1009
524 1019
524 1108
524 1116
524 1162
524 1173
524 1209
524 1263
525 670
525 922
525 968
525 1131
525 1157
525 1347
525 1403
525 1465
525 1494
526 550
526 586
526 594
526 616
526 708
526 752
526 840
526 869
526 875
526 906
526 942
526 946
526 953
526 996
526 1176
526 1191
526 1192
527 965
527 1168
527 1339
527 1460
528 644
528 703
528 888
528 899
528 1140
528 1275
528 1394
529 537
529 675
529 727
529 757
529 809
529 850
529 887
529 950
529 1186
529 1209
529 1223
529 1288
529 1477
530 619
530 757
530 791
530 888
530 905
530 1098
530 1302
530 1324
530 1365
530 1409
530 1472
531 711
531 860
531 876
531 931
531 973
531 1014
531 1076
531 1099
531 1112
531 1164
531 1181
531 1290
531 1361
531 1409
531 1413
531 1416
532 602
532 735
532 797
532 972
532 1004
532 1223
532 1279
532 1406
532 1439
533 607
533 684
533 796
533 820
533 899
533 942
533 1074
533 1220
533 1289
533 1301
533 1388
534 536
534 557
534 656
534 790
534 935
534 1209
534 1336
535 713
535 727
535 748
535 877
535 1104
535 1335
535 1355
535 1421
535 1432
535 1461
536 537
536 743
536 950
536 1021
536 1218
536 1252
536 1358
536 1496
537 562
537 602
537 657
537 800
537 868
537 870
537 924
537 994
537 1005
537 1059
537 1094
537 1257
537 1367
537 1414
537 1491
538 772
538 860
538 937
538 966
538 1006
538 1078
538 1137
538 1334
539 764
539 836
539 1225
539 1414
539 1423
539 1472
540 691
540 705
540 784
540 837
540 864
540 880
540 950
540 969
540 974
540 979
540 980
540 1317
540 1417
541 653
541 699
541 770
541 942
541 1039
541 1139
541 1150
541 1257
541 1358
541 1361
541 1366
541 1428
541 1432
542 1031
542 1094
542 1147
542 1270
542 1366
542 1388
542 1401
542 1404
542 1439
543 560
543 629
543 678
543 700
543 713
543 843
543 1100
543 1285
543 1332
543 1349
543 1361
543 1460
544 688
544 811
544 874
544 908
544 1191
544 1249
544 1254
545 547
545 680
545 779
545 909
545 912
545 929
545 970
545 1160
545 1173
545 1276
545 1295
545 1370
545 1381
545 1491
546 596
546 764
546 793
546 844
546 852
546 905
546 985
546 1001
546 1119
546 1144
546 1182
546 1199
546 1278
546 1390
546 1418
546 1430
547 566
547 612
547 678
547 727
547 804
547 1063
547 1092
547 1104
547 1257
547 1418
548 793
548 798
548 838
548 1218
548 1260
548 1298
549 566
549 740
549 747
549 884
549 948
549 950
549 974
549 1193
549 1217
549 1284
549 1307
550 586
550 741
550 807
550 829
550 996
550 1034
550 1137
550 1211
550 1300
550 1458
550 1461
550 1475
550 1482
550 1484
551 587
551 668
551 694
551 884
551 895
551 1050
552 643
552 682
552 691
552 721
552 735
552 854
552 1213
552 1442
552 1471
553 634
553 676
553 827
553 948
553 973
553 1003
553 1090
553 1155
553 1250
553 1299
553 1355
553 1451
554 676
554 736
554 832
554 856
554 906
554 969
554 1468
555 676
555 720
555 876
555 880
555 956
555 1065
555 1335
555 1454
556 706
556 906
556 987
556 1308
556 1330
557 577
557 835
557 931
557 985
557 1068
557 1300
557 1308
557 1376
557 1432
558 873
558 917
558 992
558 1179
558 1238
559 862
559 985
559 1031
559 1131
559 1277
559 1340
559 1383
560 573
560 583
560 661
560 801
560 887
560 891
560 939
560 1029
560 1078
560 1264
560 1486
561 911
561 999
561 1124
561 1159
561 1214
561 1338
561 1378
561 1409
561 1432
562 587
562 669
562 714
562 765
562 1138
562 1245
562 1272
562 1331
562 1343
562 1387
563 764
563 794
563 939
563 971
563 974
563 993
563 995
563 1339
563 1376
563 1472
564 712
564 826
564 870
564 909
564 1136
564 1161
564 1329
564 1341
564 1394
564 1429
565 569
565 579
565 642
565 1138
565 1281
565 1409
566 600
566 694
566 927
566 1044
566 1096
566 1161
566 1290
566 1451
566 1485
567 717
567 722
567 944
567 1067
567 1085
567 1131
567 1325
567 1413
568 776
568 936
568 1012
568 1072
568 1352
568 1487
569 738
569 814
569 823
569 851
569 1105
569 1157
569 1170
569 1259
569 1281
569 1423
569 1456
570 646
570 668
570 750
570 905
570 1175
571 587
571 699
571 971
571 1285
571 1322
571 1340
571 1403
572 676
572 864
572 932
572 1077
572 1109
572 1447
573 875
573 908
573 1166
573 1201
573 1215
573 1330
573 1386
574 579
574 607
574 976
574 1040
574 1178
574 1265
574 1446
575 698
575 758
575 858
575 882
575 1032
575 1165
575 1373
575 1404
576 601
576 604
576 629
576 791
576 810
576 877
576 892
576 941
576 1267
576 1284
576 1388
576 1414
577 993
577 1010
577 1134
577 1181
578 815
578 837
578 870
578 896
578 946
578 1247
578 1335
579 732
579 750
579 979
579 983
579 1019
579 1148
579 1463
580 686
580 997
580 1039
580 1070
580 1097
580 1151
580 1239
580 1391
580 1492
581 604
581 732
581 937
581 1142
581 1147
581 1270
581 1294
581 1314
581 1483
581 1487
582 620
582 841
582 891
582 955
582 973
582 1121
582 1203
582 1270
582 1278
582 1296
583 629
583 670
583 683
583 765
583 828
583 885
583 983
583 1006
583 1105
583 1106
584 652
584 710
584 718
584 739
584 964
584 1155
584 1173
584 1218
584 1354
585 769
585 889
585 1188
585 1189
585 1304
585 1314
585 1398
585 1403
585 1417
586 627
586 742
586 852
586 1211
586 1322
586 1428
586 1445
587 1034
587 1042
587 1097
587 1160
587 1280
587 1318
587 1330
587 1392
587 1487
588 640
588 706
588 899
588 1013
588 1141
588 1150
588 1177
588 1195
588 1262
588 1423
588 1438
589 793
589 1034
589 1083
589 1179
589 1189
589 1223
589 1224
589 1276
589 1315
590 607
590 730
590 878
590 966
590 971
590 1317
590 1339
590 1371
590 1385
590 1446
590 1466
591 675
591 689
591 771
591 873
591 926
591 1069
591 1072
591 1088
591 1336
591 1372
591 1425
591 1456
591 1498
592 915
592 991
592 1065
592 1071
592 1099
592 1146
592 1418
592 1446
593 612
593 972
593 1051
593 1091
593 1138
593 1172
593 1190
593 1376
593 1386
593 1448
593 1462
593 1498
594 701
594 812
594 952
594 1034
594 1152
594 1155
594 1333
594 1379
594 1393
595 609
595 770
595 797
595 893
595 1012
595 1297
595 1393
595 1420
595 1434
595 1463
596 756
596 805
596 832
596 891
596 1062
596 1100
596 1215
596 1225
596 1280
596 1295
596 1367
597 601
597 752
597 828
597 941
597 943
597 1170
597 1213
597 1219
597 1299
598 714
598 724
598 986
598 1104
598 1169
598 1226
598 1245
598 1258
598 1341
598 1350
598 1461
598 1467
599 738
599 755
599 805
599 812
599 827
599 1001
599 1040
599 1098
599 1110
599 1283
599 1332
599 1455
599 1458
600 707
600 764
600 801
600 1150
600 1424
600 1429
601 724
601 1018
601 1061
601 1263
601 1385
602 624
602 657
602 691
602 716
602 782
602 813
602 862
602 963
602 973
602 1156
602 1352
603 784
603 796
603 811
603 933
603 991
603 1113
603 1120
603 1159
603 1163
603 1258
603 1409
603 1422
604 664
604 732
604 923
604 1224
604 1321
604 1370
604 1442
604 1477
605 817
605 884
605 889
605 965
605 1016
605 1046
605 1070
605 1101
605 1215
605 1397
605 1457
606 650
606 792
606 872
606 926
606 1068
606 1102
606 1165
606 1209
606 1220
606 1261
606 1283
606 1355
607 628
607 671
607 740
607 905
607 960
607 1113
607 1171
607 1175
607 1225
607 1229
607 1231
607 1274
607 1316
607 1322
607 1338
607 1371
607 1389
607 1454
608 632
608 658
608 733
608 776
608 786
608 817
608 828
608 976
608 1101
608 1106
608 1144
608 1179
608 1371
608 1376
608 1397
608 1488
609 831
609 833
609 873
609 990
609 1011
609 1077
609 1208
609 1337
609 1375
609 1429
609 1452
609 1457
610 691
610 870
610 952
610 1038
610 1060
610 1144
610 1253
610 1289
610 1336
610 1379
611 612
611 651
611 732
611 772
611 790
611 859
611 960
611 1373
612 662
612 715
612 858
612 906
612 920
612 944
612 1175
612 1275
612 1383
612 1397
612 1442
612 1451
613 785
613 839
613 888
613 907
613 1327
613 1382
614 639
614 648
614 718
614 856
614 881
615 647
615 651
615 764
615 845
615 993
615 1043
615 1245
615 1326
615 1389
615 1408
615 1422
616 752
616 759
616 791
616 841
616 919
616 935
616 977
616 1195
616 1313
616 1344
616 1417
617 702
617 879
617 926
617 1273
617 1486
617 1493
618 628
618 825
618 864
618 1000
618 1323
618 1393
618 1457
618 1493
619 627
619 743
619 1042
619 1053
619 1061
619 1397
619 1421
619 1480
620 629
620 710
620 806
620 857
620 932
620 1036
620 1085
620 1222
620 1228
620 1289
620 1485
621 708
621 843
621 932
621 949
621 979
621 1134
621 1147
621 1236
621 1334
621 1454
622 751
622 1000
622 1125
622 1184
622 1272
622 1336
622 1416
622 1426
622 1475
623 677
623 744
623 1204
623 1438
623 1471
624 930
624 1088
624 1119
624 1158
624 1182
624 1264
624 1318
624 1326
624 1346
625 708
625 725
625 753
625 931
625 962
625 1247
625 1394
625 1440
626 755
626 825
626 877
626 927
626 945
626 1088
626 1238
626 1257
626 1293
626 1366
626 1465
627 923
627 1108
627 1132
627 1402
627 1407
628 703
628 823
628 826
628 1012
628 1025
628 1069
628 1073
628 1148
628 1231
628 1334
628 1421
629 705
629 805
629 1001
629 1251
629 1490
630 652
630 1310
631 663
631 703
631 929
631 962
631 988
631 1311
631 1334
631 1390
631 1428
632 707
632 793
632 839
632 1006
632 1041
632 1102
632 1128
632 1214
632 1272
632 1326
632 1408
632 1464
632 1483
633 702
633 1143
633 1160
633 1263
633 1345
633 1433
634 664
634 690
634 730
634 904
634 1243
634 1481
634 1489
635 645
635 729
635 932
635 1084
635 1128
635 1279
635 1407
636 733
636 749
636 836
636 891
636 978
636 1149
636 1315
636 1362
637 648
637 812
637 903
637 982
637 1049
637 1057
637 1224
637 1326
637 1334
637 1341
638 691
638 711
638 834
638 846
638 871
638 916
638 1110
638 1243
638 1288
638 1316
638 1399
638 1476
639 837
639 876
639 897
639 979
639 1220
639 1438
639 1471
640 651
640 866
640 1108
640 1151
640 1168
640 1289
640 1322
641 737
641 780
641 833
641 892
641 917
641 1070
641 1346
641 1402
641 1471
641 1499
642 703
642 755
642 776
642 1347
643 697
643 739
643 879
643 969
643 1032
643 1280
643 1356
643 1464
644 747
644 844
644 1017
644 1018
644 1324
644 1369
644 1440
645 999
645 1361
646 648
646 946
646 968
646 1194
646 1249
646 1407
647 667
647 871
647 995
647 996
647 1284
647 1325
647 1327
647 1478
648 658
648 696
648 730
648 807
648 846
648 1106
648 1111
648 1201
648 1243
648 1285
648 1322
648 1375
649 691
649 726
649 895
649 925
649 1159
649 1360
649 1457
650 736
650 739
650 986
650 1030
650 1132
650 1261
650 1320
650 1459
650 1488
651 673
651 714
651 903
651 909
651 1102
651 1103
651 1403
651 1423
652 654
652 670
652 728
652 742
652 747
652 776
652 923
652 1043
652 1068
652 1097
652 1488
653 922
653 1137
653 1304
654 679
654 783
654 793
654 876
654 978
654 1140
654 1183
654 1188
654 1207
654 1276
655 717
655 727
655 759
655 794
655 970
655 1011
655 1271
655 1335
655 1347
655 1410
656 859
656 910
656 1058
656 1097
656 1262
657 662
657 791
657 870
657 886
657 952
657 1108
657 1228
657 1384
658 682
658 699
658 802
658 806
658 815
658 850
658 856
658 913
658 937
658 999
658 1160
658 1196
658 1225
658 1246
658 1333
658 1379
658 1417
658 1419
658 1451
659 709
659 868
659 1074
659 1081
659 1202
659 1268
659 1275
659 1484
660 682
660 792
660 795
660 825
660 984
660 1008
660 1084
660 1121
660 1291
661 848
661 1138
661 1154
662 668
662 697
662 831
662 862
662 964
662 1066
662 1332
662 1463
663 718
663 769
663 924
663 965
663 1041
663 1068
663 1203
664 742
664 750
664 913
664 963
664 1025
664 1063
664 1204
664 1236
665 675
665 720
665 732
665 880
665 883
665 892
665 984
665 1327
665 1351
665 1497
666 708
666 778
666 1013
666 1132
666 1186
666 1283
666 1369
666 1387
667 935
667 939
667 980
667 1031
667 1110
667 1220
667 1339
667 1398
667 1431
668 802
668 869
668 1144
668 1167
668 1288
668 1416
669 796
669 811
669 966
669 1335
669 1435
670 740
670 788
670 878
670 1200
670 1279
670 1382
671 695
671 751
671 962
671 1088
671 1263
671 1268
671 1309
671 1347
671 1364
671 1396
671 1477
672 680
672 787
672 844
672 862
672 882
672 1028
672 1084
672 1272
672 1307
672 1347
672 1456
673 682
673 824
673 850
673 898
673 1205
673 1302
673 1306
673 1445
674 787
674 884
674 951
674 955
674 1037
674 1044
674 1112
674 1227
674 1308
674 1326
674 1330
674 1379
674 1430
674 1462
674 1483
675 755
675 888
675 1018
675 1064
675 1143
675 1471
676 683
676 795
676 833
676 874
676 909
676 915
676 1005
676 1060
676 1063
676 1132
676 1150
676 1438
677 703
677 717
677 854
677 953
677 1042
677 1102
677 1188
677 1416
677 1424
677 1486
678 849
678 902
678 912
678 1089
678 1093
678 1269
678 1341
679 799
679 825
679 869
679 1084
679 1170
679 1215
679 1436
679 1444
680 732
680 782
680 813
680 934
680 1131
680 1300
680 1339
680 1437
680 1480
681 807
681 866
681 1078
682 788
682 851
682 947
682 1110
682 1133
682 1464
683 812
683 1139
683 1330
683 1443
684 869
684 873
684 1038
684 1149
684 1265
684 1335
684 1393
685 768
685 785
685 860
685 921
685 926
685 1000
685 1093
685 1147
685 1265
685 1350
685 1379
685 1460
686 717
686 793
686 816
686 927
686 1194
686 1199
686 1203
686 1210
686 1237
686 1485
687 823
687 866
687 911
687 1161
688 702
688 1033
688 1044
688 1216
688 1247
688 1287
688 1325
688 1335
688 1493
688 1499
689 761
689 1131
689 1267
689 1295
689 1441
689 1489
690 835
690 998
690 1069
690 1125
690 1131
690 1184
690 1426
690 1475
691 761
691 1045
691 1255
691 1447
692 719
692 747
692 795
692 824
692 899
692 989
692 1095
692 1143
692 1186
692 1357
692 1460
693 722
693 760
693 831
693 1019
693 1202
693 1331
694 755
694 806
694 834
694 929
694 933
694 1077
694 1091
694 1123
694 1165
694 1248
695 706
695 911
695 985
695 997
695 1026
695 1082
695 1131
695 1240
695 1250
696 703
696 809
696 878
696 902
696 927
696 937
696 977
696 1106
696 1139
696 1152
696 1211
697 772
697 936
697 1142
697 1215
697 1269
697 1372
698 785
698 849
698 861
698 941
698 946
698 1014
698 1037
698 1146
698 1239
698 1254
698 1382
698 1436
699 714
699 866
699 990
699 1218
699 1235
699 1339
700 789
700 975
700 977
700 1008
700 1087
700 1126
700 1158
700 1263
700 1338
701 733
701 808
701 1166
701 1168
701 1217
701 1467
702 905
702 1060
702 1074
702 1290
702 1479
703 796
703 807
703 862
703 903
703 1043
703 1061
703 1188
703 1205
703 1215
703 1339
704 735
704 819
704 888
704 998
704 1024
704 1032
704 1375
704 1432
705 820
705 868
705 882
705 1056
705 1451
706 831
706 872
706 875
706 1078
706 1143
706 1331
706 1392
706 1399
707 709
707 779
707 806
707 1231
707 1234
707 1349
707 1361
707 1404
707 1444
708 751
708 970
708 1014
708 1056
708 1061
708 1097
708 1110
708 1169
708 1183
708 1296
708 1410
708 1411
708 1459
708 1474
709 732
709 736
709 743
709 783
709 850
709 1141
709 1274
709 1348
709 1447
710 905
710 996
710 1193
711 757
711 1039
711 1275
711 1288
711 1343
711 1410
712 746
712 933
712 1361
713 822
713 1040
713 1120
713 1249
713 1280
713 1309
713 1317
713 1331
713 1345
713 1424
714 792
714 1146
714 1221
714 1304
714 1375
714 1390
715 763
715 779
715 999
715 1222
715 1242
715 1280
715 1293
715 1371
715 1417
715 1421
715 1485
715 1498
716 994
716 1043
716 1058
716 1111
716 1142
716 1487
717 777
717 1014
717 1174
717 1256
717 1326
717 1345
717 1389
717 1437
717 1450
718 787
718 891
718 1024
718 1123
718 1125
718 1286
718 1489
719 749
719 864
719 1018
719 1127
719 1149
719 1226
719 1239
719 1258
719 1361
720 804
720 985
720 1020
720 1055
720 1081
720 1211
720 1262
720 1382
720 1392
720 1463
721 737
721 834
721 883
721 899
721 938
721 1013
721 1043
721 1172
721 1193
721 1196
721 1296
721 1364
722 886
722 896
722 1168
722 1269
722 1273
722 1316
722 1358
722 1494
722 1495
723 739
723 848
723 1058
723 1120
723 1273
723 1342
723 1351
723 1449
724 728
724 732
724 848
724 956
724 996
724 1059
724 1135
724 1204
724 1252
725 819
725 846
725 958
725 1070
725 1108
725 1157
725 1252
725 1348
725 1412
726 882
726 925
726 1037
726 1166
726 1304
726 1427
727 786
727 854
727 972
727 1041
727 1090
727 1128
727 1205
727 1228
727 1311
727 1347
727 1393
728 899
728 909
728 951
728 1137
728 1261
728 1332
729 880
729 898
729 902
729 941
729 958
729 1087
729 1090
729 1298
729 1341
730 829
730 845
730 1155
730 1156
730 1230
731 762
731 1190
731 1266
731 1269
731 1303
731 1403
731 1493
732 787
732 856
732 887
732 959
732 1003
732 1145
732 1147
732 1366
732 1471
733 797
733 884
733 905
733 933
733 946
733 959
733 1105
733 1284
733 1415
734 796
734 803
734 918
734 1069
734 1266
734 1295
734 1406
734 1435
734 1447
735 828
735 931
735 952
735 1048
735 1191
735 1342
735 1414
735 1476
736 745
736 799
736 1006
736 1092
736 1163
736 1225
736 1412
736 1496
737 1180
737 1203
737 1262
737 1274
737 1370
737 1438
737 1486
738 794
738 856
738 895
738 934
738 1023
738 1412
739 917
739 1008
739 1080
739 1127
739 1291
739 1431
739 1491
740 839
740 1059
740 1119
740 1128
740 1147
740 1171
740 1210
740 1489
741 908
741 983
741 987
741 1298
741 1316
742 764
742 836
742 1048
742 1225
742 1259
742 1300
743 804
743 839
743 896
743 956
743 1161
743 1313
743 1325
743 1361
744 1187
745 779
745 973
745 1032
745 1085
745 1306
745 1403
745 1414
746 965
746 1003
746 1041
746 1183
746 1383
746 1487
747 757
747 772
747 792
747 830
747 954
747 1055
747 1158
747 1197
747 1365
747 1372
748 869
748 953
748 959
748 1157
748 1295
748 1296
748 1439
749 792
749 923
749 1159
749 1262
749 1263
749 1401
749 1471
750 804
750 834
750 994
750 1340
750 1480
751 802
751 832
751 1061
751 1251
751 1279
751 1316
751 1375
751 1390
752 785
752 851
752 880
752 923
752 972
752 973
752 1076
752 1207
753 942
753 997
753 1085
753 1242
753 1244
753 1245
753 1257
753 1311
753 1355
753 1418
753 1451
753 1465
753 1499
754 806
754 813
754 845
754 900
754 1073
754 1124
754 1157
754 1360
754 1391
754 1434
755 893
755 1007
755 1199
755 1390
755 1430
755 1476
756 852
756 938
756 981
756 1004
756 1033
756 1144
756 1332
756 1404
757 871
757 953
757 975
757 1023
757 1175
757 1484
758 906
758 1054
758 1071
758 1117
758 1133
758 1162
758 1307
758 1429
758 1482
759 791
759 887
759 926
759 1072
759 1098
760 925
760 949
760 1134
760 1158
760 1323
760 1360
760 1363
760 1398
761 991
761 1074
761 1224
761 1295
761 1317
761 1479
762 808
762 864
762 952
762 1024
762 1036
762 1237
762 1304
762 1367
762 1447
763 925
763 954
763 1073
763 1133
763 1189
763 1191
763 1217
763 1396
763 1414
764 863
764 888
764 942
764 1241
765 827
765 845
765 884
765 1076
765 1274
765 1365
765 1443
766 908
766 948
766 1248
766 1250
766 1258
766 1265
766 1279
766 1300
767 788
767 899
767 973
767 1028
767 1073
767 1131
767 1393
768 1136
768 1145
768 1316
768 1414
768 1463
769 926
769 1242
770 841
770 916
770 1013
770 1041
770 1049
770 1235
770 1268
770 1307
771 1036
771 1175
771 1308
771 1387
772 1053
772 1171
772 1454
773 827
773 1026
773 1056
773 1160
773 1365
773 1405
773 1428
774 797
774 803
774 897
774 1009
774 1173
774 1320
774 1362
775 1062
775 1392
775 1478
776 1041
776 1071
776 1160
776 1313
776 1318
777 854
777 994
777 1035
777 1073
777 1099
777 1135
777 1376
777 1450
778 810
778 814
778 877
778 953
778 1199
778 1285
779 1025
779 1047
779 1082
779 1355
779 1476
780 1114
780 1229
780 1287
780 1317
780 1322
780 1343
781 792
781 826
781 932
781 935
781 943
781 1026
781 1105
781 1340
782 806
782 923
782 979
782 1026
782 1148
782 1203
782 1243
782 1371
782 1498
783 824
783 965
783 1152
783 1436
783 1486
784 969
784 1022
784 1118
784 1179
784 1187
784 1193
784 1203
784 1229
784 1392
785 814
785 985
785 1081
785 1093
785 1374
785 1474
786 1081
786 1122
786 1206
786 1231
786 1368
786 1409
787 991
787 1008
787 1058
787 1092
787 1345
787 1481
788 862
788 984
788 1278
788 1441
789 990
789 1003
789 1351
789 1379
789 1438
790 813
790 846
790 947
790 1031
790 1059
790 1183
790 1249
790 1431
791 949
791 1153
791 1296
791 1385
791 1463
791 1483
791 1486
792 832
792 909
792 942
792 984
792 1025
792 1070
792 1098
792 1100
792 1179
792 1377
792 1496
793 859
793 878
793 887
793 941
793 1038
793 1151
793 1154
793 1398
794 880
794 898
794 934
794 993
794 1103
794 1223
794 1259
794 1267
794 1297
794 1348
794 1395
795 826
795 1031
795 1320
795 1348
795 1363
796 813
796 1021
796 1125
796 1282
796 1432
797 846
797 879
797 950
797 1186
797 1282
797 1344
798 808
798 881
798 1112
798 1125
798 1194
798 1204
798 1294
798 1459
798 1460
799 804
799 966
799 992
799 1070
799 1459
800 808
800 923
800 1012
800 1245
800 1267
800 1337
800 1479
801 824
801 831
801 1107
802 956
802 981
802 993
802 1007
802 1081
802 1295
802 1425
803 836
803 851
803 1025
803 1030
803 1205
803 1219
803 1444
804 904
804 971
804 978
804 1131
804 1254
804 1269
804 1302
805 1001
805 1350
805 1441
806 845
806 853
806 947
806 1039
806 1042
806 1129
806 1177
806 1187
806 1321
806 1430
806 1444
806 1464
807 1018
807 1038
807 1131
807 1154
807 1161
808 834
808 969
808 1171
808 1362
808 1432
809 906
809 937
809 1061
809 1213
809 1377
809 1497
810 816
810 913
810 1192
810 1290
810 1346
811 826
811 891
811 1094
811 1124
811 1170
811 1189
811 1215
811 1219
811 1259
811 1269
811 1306
811 1421
812 855
812 979
812 986
812 1006
812 1050
812 1171
812 1267
813 1002
813 1123
813 1124
813 1144
813 1197
813 1458
814 825
814 868
814 1011
814 1159
814 1233
814 1283
815 840
815 942
815 973
815 982
815 1096
815 1110
815 1243
815 1371
816 987
816 1027
816 1031
816 1115
816 1156
816 1197
816 1457
817 910
817 911
817 962
817 1131
817 1133
817 1197
817 1308
817 1350
818 1066
818 1157
818 1174
818 1323
818 1451
818 1469
819 1068
819 1098
819 1129
819 1187
819 1237
819 1268
819 1355
820 940
820 974
820 1169
820 1195
820 1202
820 1396
820 1444
821 944
821 981
821 1004
821 1113
821 1263
821 1355
821 1370
821 1490
822 1035
822 1100
822 1118
822 1429
823 830
823 997
823 1029
823 1056
823 1144
823 1253
823 1348
823 1409
824 1067
824 1180
824 1217
824 1285
824 1342
824 1461
825 894
825 963
825 987
825 1156
825 1228
825 1301
825 1466
826 977
826 1050
826 1262
826 1284
826 1359
826 1432
826 1470
827 865
827 950
827 1094
827 1130
827 1220
827 1224
827 1282
827 1420
828 1003
828 1081
828 1162
828 1181
828 1203
828 1205
828 1253
828 1486
829 1106
829 1176
829 1307
829 1323
829 1328
829 1330
829 1420
829 1429
830 923
830 994
830 1036
830 1042
830 1116
830 1175
830 1266
830 1286
830 1310
830 1401
831 863
831 932
831 1188
831 1191
831 1239
831 1284
831 1337
831 1398
832 914
832 1007
832 1117
832 1146
832 1179
832 1271
833 886
833 1081
833 1377
833 1415
833 1444
834 865
834 1021
834 1098
834 1297
834 1300
834 1313
834 1432
834 1433
834 1445
834 1489
835 836
835 999
835 1018
835 1235
836 894
836 920
836 1021
836 1149
837 1117
837 1267
837 1295
837 1391
837 1434
838 923
838 970
838 974
838 976
838 1005
838 1118
838 1285
838 1359
838 1377
839 1065
839 1119
839 1158
839 1197
839 1256
839 1264
839 1275
839 1480
840 884
840 940
840 980
840 1048
840 1113
840 1230
840 1338
840 1342
840 1429
841 850
841 872
841 935
841 966
841 970
841 1078
841 1083
841 1291
841 1356
841 1399
841 1462
842 985
842 1013
842 1061
842 1140
842 1387
842 1427
843 955
843 957
843 1021
843 1049
843 1083
843 1180
843 1232
843 1396
844 944
844 975
844 1007
844 1091
844 1161
844 1287
844 1335
844 1452
844 1462
845 887
845 1032
845 1119
845 1433
846 1197
846 1211
846 1304
847 1270
847 1469
848 889
848 1110
848 1175
848 1188
848 1222
848 1270
848 1304
848 1358
849 889
849 925
849 1000
849 1013
849 1055
849 1325
850 923
850 1034
850 1036
850 1103
850 1164
850 1203
850 1251
850 1269
850 1272
850 1360
850 1477
851 953
851 1001
851 1015
851 1069
851 1135
851 1233
851 1267
851 1282
851 1442
852 858
852 955
852 998
852 1031
852 1050
852 1156
852 1159
852 1165
852 1235
853 859
853 872
853 917
853 975
853 1111
853 1195
853 1223
853 1266
853 1299
853 1398
853 1413
853 1440
854 988
854 1012
854 1087
854 1151
854 1258
854 1275
854 1302
855 1307
855 1326
855 1330
855 1388
856 863
856 890
856 1070
856 1420
857 927
857 1001
857 1097
857 1115
857 1184
857 1303
857 1364
857 1420
857 1445
858 893
858 1003
858 1210
858 1212
858 1224
858 1385
859 970
859 1153
859 1367
859 1419
859 1441
860 981
860 1293
860 1358
860 1497
861 962
861 1109
861 1140
861 1258
861 1274
861 1379
861 1428
861 1490
862 881
862 966
862 1024
862 1145
862 1180
862 1262
862 1276
862 1300
862 1453
863 905
863 957
863 1062
863 1180
863 1325
863 1351
863 1361
864 898
864 954
864 1020
864 1065
864 1073
864 1084
864 1198
864 1201
864 1212
864 1281
864 1301
864 1384
865 937
865 1077
865 1136
865 1163
865 1325
865 1365
865 1425
865 1455
865 1493
866 1036
866 1329
866 1464
866 1496
867 918
867 938
867 993
867 1050
867 1165
867 1258
868 975
868 1272
868 1300
868 1317
868 1325
868 1339
868 1364
868 1441
869 875
869 904
869 969
869 1017
869 1114
869 1142
869 1172
869 1279
869 1292
870 1098
870 1127
870 1233
870 1383
870 1426
870 1428
871 887
871 989
871 1122
871 1360
871 1477
871 1496
872 938
872 1025
872 1368
872 1376
873 898
873 1297
873 1381
873 1420
873 1428
874 895
874 980
874 1146
874 1215
874 1308
874 1319
874 1357
875 1006
875 1104
875 1132
875 1174
875 1403
876 940
876 1212
876 1314
876 1359
876 1393
877 933
877 1053
877 1095
877 1282
877 1357
877 1438
878 887
878 994
878 1032
878 1091
878 1156
878 1319
878 1401
878 1471
879 1064
879 1235
879 1385
880 1114
880 1415
880 1486
881 994
881 1042
881 1068
881 1180
881 1390
881 1487
882 1007
882 1091
882 1181
882 1267
882 1277
882 1412
882 1465
882 1486
882 1487
883 1163
883 1243
883 1308
883 1311
884 940
884 1104
884 1218
885 1024
885 1087
885 1231
885 1379
885 1455
885 1498
886 1068
886 1086
886 1141
886 1271
886 1289
886 1331
886 1412
886 1491
887 952
887 1141
887 1146
887 1163
887 1299
887 1376
888 1015
888 1023
888 1293
888 1424
888 1439
889 891
889 898
889 1026
889 1031
889 1036
889 1343
890 977
890 1366
890 1412
890 1480
890 1482
891 969
891 1188
891 1223
891 1285
891 1457
892 902
892 1043
892 1132
892 1203
892 1232
892 1251
893 1099
893 1417
893 1439
893 1483
894 1000
894 1104
894 1184
894 1319
894 1417
895 945
895 995
895 1111
895 1242
895 1336
896 1036
896 1073
896 1149
896 1344
896 1373
896 1407
897 1273
897 1308
897 1358
897 1391
897 1397
897 1451
898 1151
898 1393
898 1461
898 1478
899 1198
899 1246
899 1292
899 1410
899 1447
900 964
900 1203
900 1218
900 1270
900 1287
901 972
901 995
901 1076
901 1243
901 1468
902 981
902 1023
902 1110
902 1430
903 1031
903 1082
903 1241
903 1372
903 1404
903 1418
903 1476
904 923
904 1008
904 1096
904 1197
904 1235
904 1286
904 1315
904 1437
904 1479
905 924
905 979
905 1210
905 1270
905 1406
905 1420
906 1089
906 1145
907 1222
907 1229
907 1289
907 1312
907 1320
907 1323
907 1405
908 1102
908 1135
908 1174
908 1230
908 1332
908 1381
908 1398
908 1490
909 1046
909 1072
909 1149
909 1211
909 1435
909 1476
910 1052
910 1188
910 1207
911 919
911 981
911 1000
911 1003
911 1008
911 1069
911 1146
911 1275
911 1318
911 1330
911 1483
912 975
912 1049
912 1242
912 1291
912 1417
912 1470
913 989
913 1016
913 1068
913 1082
913 1083
913 1181
913 1228
913 1236
913 1239
913 1276
913 1342
913 1371
913 1391
913 1466
914 946
914 1101
914 1433
914 1490
915 962
915 1413
916 1009
916 1065
916 1083
916 1175
916 1380
916 1387
916 1437
917 920
917 1021
917 1069
917 1314
917 1390
918 929
918 1106
918 1120
918 1164
918 1219
918 1349
919 1020
919 1132
919 1331
919 1343
919 1489
920 935
920 940
920 1193
920 1205
920 1330
920 1419
920 1486
921 1225
921 1457
922 975
922 1066
922 1148
922 1208
922 1212
922 1258
922 1445
923 1076
923 1152
923 1386
923 1408
923 1457
924 951
924 972
924 1194
924 1234
924 1289
924 1313
924 1395
924 1457
925 1140
925 1167
925 1285
925 1299
925 1346
925 1422
926 989
926 1249
926 1275
926 1291
926 1312
927 957
927 1198
927 1362
927 1455
928 1192
928 1229
928 1365
928 1451
929 1020
929 1022
929 1277
929 1484
930 1211
930 1310
930 1355
930 1361
930 1381
930 1419
931 1045
931 1304
931 1354
932 1089
932 1126
932 1268
932 1292
932 1376
933 969
933 1202
933 1271
933 1348
933 1439
933 1454
934 974
934 1028
934 1084
934 1089
934 1253
934 1330
934 1343
934 1383
934 1493
935 1044
935 1160
935 1264
935 1339
936 970
936 1193
936 1233
936 1349
936 1483
937 1104
937 1145
937 1449
937 1455
937 1488
938 958
938 972
938 1308
938 1499
939 1012
939 1123
939 1155
939 1390
939 1412
939 1456
939 1485
940 1009
940 1025
940 1232
940 1246
940 1316
940 1388
941 953
941 1032
941 1105
941 1185
941 1234
941 1237
942 1033
942 1145
942 1343
942 1494
943 1003
943 1302
943 1320
944 1184
944 1310
945 1124
945 1340
945 1403
945 1446
946 1025
946 1162
946 1164
946 1218
946 1298
946 1409
947 986
947 1237
947 1299
947 1327
947 1335
947 1437
948 983
948 1058
948 1101
948 1104
948 1150
948 1270
948 1418
949 1173
949 1174
949 1339
949 1351
949 1465
949 1472
950 990
950 1035
950 1266
950 1385
951 1077
951 1212
951 1262
951 1300
951 1368
951 1404
952 1063
952 1146
952 1159
952 1224
952 1251
952 1260
952 1337
952 1359
953 1002
953 1058
953 1145
953 1244
953 1286
953 1361
953 1484
953 1495
954 1072
954 1287
954 1398
955 984
955 1129
955 1271
955 1379
956 968
956 977
956 1073
956 1080
956 1146
957 1122
957 1347
957 1448
958 1006
958 1061
958 1207
958 1308
959 990
959 1017
959 1079
959 1195
959 1213
959 1265
960 1150
960 1371
960 1438
961 1000
961 1052
961 1095
961 1236
961 1407
961 1458
962 1019
962 1028
962 1066
962 1143
962 1312
963 1155
963 1408
963 1428
963 1463
963 1489
963 1497
964 1080
964 1151
964 1266
964 1305
965 1108
965 1450
966 1043
966 1072
966 1104
966 1170
966 1339
966 1386
966 1389
966 1442
966 1482
967 1037
967 1156
967 1162
967 1273
967 1487
968 1067
968 1078
968 1084
968 1103
968 1110
968 1202
968 1209
968 1337
968 1414
968 1454
969 1102
969 1113
969 1306
969 1488
970 1055
970 1121
970 1150
970 1168
970 1246
970 1290
970 1487
971 1014
971 1121
971 1342
971 1401
971 1468
971 1475
972 1020
972 1433
972 1447
972 1479
973 992
973 1278
973 1315
973 1365
973 1377
973 1466
974 1092
974 1175
974 1329
974 1440
975 1000
975 1037
975 1040
975 1228
975 1494
976 1125
976 1141
976 1172
976 1189
976 1212
976 1342
976 1494
977 998
977 1014
977 1209
977 1341
977 1469
978 1121
978 1212
978 1222
978 1454
979 992
979 1203
979 1253
979 1337
980 993
980 1105
980 1123
980 1376
980 1426
981 1200
981 1226
981 1249
981 1292
981 1327
982 992
982 1028
982 1047
982 1104
982 1213
982 1224
982 1239
982 1253
982 1315
982 1323
982 1326
982 1371
982 1396
982 1435
982 1453
983 1219
983 1303
983 1333
983 1403
983 1408
983 1456
984 1062
984 1188
984 1209
984 1235
984 1289
984 1307
984 1482
985 1132
985 1446
985 1482
986 1022
986 1258
986 1383
987 1002
987 1016
987 1024
987 1035
987 1236
987 1282
988 1165
988 1285
988 1329
988 1362
988 1408
989 1119
989 1209
989 1219
989 1322
990 1025
990 1041
990 1045
990 1075
990 1169
990 1268
990 1270
990 1435
990 1441
991 1171
991 1337
992 1105
992 1170
992 1222
992 1229
992 1454
993 1007
993 1119
993 1265
993 1326
994 1100
994 1237
994 1244
994 1262
994 1410
995 1055
995 1069
995 1118
995 1267
995 1278
995 1325
996 1097
996 1270
996 1476
997 1111
997 1163
997 1202
997 1255
997 1343
997 1348
997 1383
997 1419
997 1484
998 1144
998 1205
998 1271
998 1424
998 1437
998 1478
999 1067
999 1081
999 1113
999 1468
1000 1057
1001 1111
1001 1450
1001 1468
1002 1281
1002 1370
1002 1375
1003 1097
1003 1105
1003 1228
1003 1439
1003 1466
1004 1293
1004 1349
1004 1380
1004 1414
1005 1029
1005 1037
1005 1079
1005 1148
1005 1184
1005 1252
1005 1381
1006 1026
1006 1238
1006 1333
1006 1469
1007 1499
1008 1101
1008 1162
1008 1211
1008 1261
1008 1332
1008 1464
1009 1221
1009 1461
1010 1400
1011 1063
1011 1171
1011 1208
1011 1335
1012 1082
1012 1105
1012 1150
1012 1258
1012 1313
1013 1083
1013 1107
1013 1229
1013 1337
1014 1123
1014 1129
1014 1188
1014 1310
1014 1414
1014 1445
1015 1163
1015 1185
1015 1389
1015 1441
1016 1045
1016 1255
1016 1308
1016 1365
1016 1373
1017 1285
1017 1449
1017 1486
1018 1212
1018 1461
1018 1489
1019 1043
1019 1103
1019 1185
1019 1389
1019 1489
1020 1059
1020 1121
1020 1175
1020 1185
1020 1259
1020 1419
1021 1032
1021 1127
1022 1201
1022 1239
1022 1364
1022 1370
1022 1406
1022 1445
1022 1456
1022 1492
1023 1184
1023 1202
1023 1372
1023 1380
1023 1443
1023 1459
1024 1190
1024 1445
1025 1045
1025 1130
1025 1142
1025 1304
1026 1104
1026 1105
1026 1178
1026 1312
1026 1330
1026 1346
1027 1143
1027 1219
1028 1051
1028 1072
1028 1216
1028 1250
1028 1264
1028 1377
1029 1062
1029 1130
1029 1371
1029 1383
1029 1440
1030 1092
1030 1144
1030 1262
1031 1083
1031 1182
1031 1386
1031 1457
1032 1180
1032 1243
1032 1435
1032 1497
1033 1060
1033 1066
1033 1122
1033 1147
1033 1170
1033 1180
1033 1182
1033 1209
1033 1357
1033 1359
1033 1391
1033 1420
1033 1487
1034 1037
1034 1145
1034 1159
1034 1425
1034 1441
1035 1043
1035 1056
1035 1072
1035 1074
1035 1147
1035 1306
1035 1386
1036 1330
1037 1050
1037 1060
1037 1254
1037 1277
1037 1429
1038 1058
1038 1155
1038 1190
1038 1208
1038 1238
1038 1378
1038 1386
1039 1082
1039 1310
1039 1471
1040 1058
1040 1130
1040 1233
1040 1377
1041 1115
1041 1129
1041 1256
1041 1269
1041 1383
1041 1401
1041 1411
1042 1128
1042 1252
1042 1380
1042 1451
1042 1475
1043 1173
1043 1186
1043 1377
1043 1487
1044 1141
1044 1195
1044 1218
1044 1311
1044 1346
1044 1350
1044 1382
1045 1097
1045 1101
1045 1113
1045 1374
1045 1375
1045 1463
1046 1066
1046 1114
1046 1119
1046 1339
1047 1059
1047 1229
1047 1300
1047 1370
1048 1237
1048 1250
1048 1394
1048 1414
1049 1099
1049 1263
1049 1281
1049 1414
1050 1078
1050 1108
1050 1149
1050 1194
1050 1352
1051 1118
1051 1129
1051 1239
1051 1319
1051 1432
1052 1280
1053 1164
1053 1225
1053 1277
1053 1360
1053 1408
1054 1132
1054 1138
1054 1315
1054 1442
1054 1475
1055 1113
1055 1229
1055 1336
1056 1150
1056 1290
1056 1372
1056 1399
1057 1250
1057 1360
1057 1386
1057 1430
1057 1483
1058 1077
1058 1272
1058 1419
1058 1435
1059 1147
1059 1195
1059 1228
1059 1235
1059 1393
1060 1118
1061 1074
1061 1087
1061 1096
1061 1339
1061 1494
1062 1098
1062 1165
1062 1176
1062 1206
1062 1226
1062 1279
1062 1301
1062 1360
1062 1428
1063 1086
1063 1176
1063 1280
1064 1120
1064 1235
1064 1396
1064 1481
1065 1141
1065 1203
1065 1392
1066 1091
1066 1146
1066 1149
1066 1176
1066 1193
1066 1436
1066 1464
1067 1203
1067 1267
1067 1390
1067 1482
1068 1105
1068 1130
1068 1157
1068 1168
1068 1275
1068 1459
1069 1282
1069 1289
1069 1341
1069 1430
1070 1158
1070 1215
1070 1326
1070 1450
1071 1178
1071 1186
1071 1199
1071 1254
1071 1276
1071 1281
1071 1399
1071 1402
1071 1442
1071 1468
1072 1162
1072 1240
1072 1347
1072 1367
1073 1153
1073 1428
1073 1457
1073 1478
1074 1130
1074 1173
1074 1375
1074 1412
1074 1469
1074 1489
1075 1174
1075 1360
1076 1238
1076 1269
1076 1312
1077 1137
1077 1380
1077 1443
1077 1445
1078 1340
1078 1384
1078 1420
1079 1138
1079 1144
1079 1196
1080 1157
1080 1332
1080 1461
1081 1108
1081 1163
1082 1219
1082 1335
1083 1412
1084 1177
1084 1231
1084 1337
1084 1365
1085 1386
1086 1123
1086 1130
1086 1459
1087 1141
1087 1145
1087 1188
1087 1237
1087 1346
1088 1103
1088 1124
1088 1236
1088 1247
1089 1095
1089 1198
1089 1335
1089 1413
1089 1447
1089 1482
1090 1124
1090 1132
1090 1168
1090 1297
1090 1441
1091 1154
1091 1441
1092 1276
1092 1412
1093 1097
1093 1137
1094 1284
1094 1414
1094 1438
1094 1491
1095 1199
1095 1329
1095 1350
1096 1122
1096 1127
1096 1207
1097 1138
1097 1183
1097 1273
1097 1361
1098 1105
1098 1145
1098 1246
1098 1437
1099 1154
1099 1446
1100 1153
1100 1164
1100 1221
1100 1420
1100 1431
1101 1135
1101 1205
1101 1275
1101 1288
1101 1333
1101 1388
1101 1403
1101 1478
1102 1138
1102 1351
1102 1376
1103 1207
1103 1286
1103 1315
1103 1336
1103 1483
1104 1113
1104 1167
1104 1323
1104 1333
1104 1435
1105 1151
1105 1320
1105 1342
1106 1125
1106 1245
1106 1268
1106 1284
1106 1312
1106 1316
1106 1440
1107 1160
1107 1266
1107 1370
1107 1381
1107 1432
1107 1461
1107 1483
1108 1137
1108 1219
1108 1352
1108 1447
1109 1195
1110 1124
1110 1135
1110 1141
1110 1232
1111 1131
1111 1138
1111 1188
1111 1455
1112 1128
1112 1217
1112 1415
1112 1429
1112 1484
1112 1485
1113 1159
1113 1192
1113 1214
1113 1243
1113 1271
1113 1469
1114 1225
1114 1296
1114 1322
1114 1482
1115 1179
1115 1234
1115 1235
1115 1289
1115 1332
1115 1402
1115 1408
1115 1413
1115 1443
1116 1134
1116 1219
1116 1260
1116 1316
1117 1289
1118 1306
1119 1330
1119 1375
1119 1404
1120 1136
1120 1203
1120 1237
1120 1340
1120 1422
1121 1258
1121 1317
1121 1323
1121 1347
1122 1328
1122 1369
1122 1445
1123 1185
1123 1290
1123 1311
1123 1388
1124 1136
1124 1210
1124 1411
1125 1186
1125 1214
1125 1246
1125 1381
1125 1418
1125 1459
1126 1360
1126 1395
1127 1134
1127 1160
1127 1226
1127 1400
1127 1495
1128 1134
1128 1301
1128 1335
1128 1352
1128 1416
1129 1141
1129 1293
1129 1376
1130 1270
1130 1335
1130 1369
1130 1476
1131 1163
1131 1234
1131 1435
1131 1486
1132 1267
1132 1341
1132 1416
1132 1431
1132 1457
1133 1137
1133 1188
1133 1254
1133 1396
1133 1432
1133 1455
1133 1488
1134 1239
1134 1418
1135 1294
1135 1331
1135 1400
1136 1185
1136 1277
1136 1429
1136 1450
1137 1159
1137 1492
1138 1275
1138 1338
1138 1369
1139 1193
1139 1463
1140 1148
1140 1164
1140 1269
1140 1333
1141 1155
1141 1260
1141 1397
1142 1245
1142 1451
1142 1480
1143 1290
1144 1312
1145 1187
1145 1278
1145 1281
1145 1314
1145 1359
1146 1215
1146 1447
1147 1166
1147 1288
1147 1384
1148 1293
1148 1328
1148 1346
1148 1347
1148 1461
1149 1293
1149 1359
1150 1202
1150 1249
1150 1258
1150 1354
1151 1386
1151 1434
1152 1413
1152 1488
1153 1160
1153 1164
1153 1245
1153 1314
1153 1378
1153 1405
1153 1490
1153 1495
1154 1350
1154 1353
1154 1410
1154 1491
1155 1167
1155 1299
1155 1348
1155 1486
1156 1201
1156 1263
1156 1272
1156 1354
1156 1363
1157 1269
1157 1302
1157 1313
1158 1260
1159 1202
1159 1322
1159 1348
1159 1384
1159 1482
1160 1342
1160 1429
1161 1367
1161 1494
1162 1247
1163 1213
1163 1225
1163 1436
1164 1224
1164 1466
1165 1409
1166 1216
1166 1257
1166 1306
1166 1399
1166 1400
1166 1431
1166 1489
1167 1184
1167 1293
1167 1295
1167 1431
1168 1282
1168 1332
1168 1456
1168 1481
1169 1236
1169 1244
1169 1248
1169 1283
1169 1314
1170 1209
1170 1252
1170 1309
1170 1470
1170 1478
1170 1489
1171 1217
1171 1258
1171 1363
1171 1370
1171 1415
1171 1434
1171 1459
1172 1297
1172 1322
1172 1433
1172 1452
1173 1191
1173 1251
1174 1182
1174 1363
1174 1392
1174 1427
1174 1433
1175 1479
1176 1196
1176 1200
1176 1237
1176 1266
1178 1341
1179 1245
1179 1297
1179 1315
1179 1434
1180 1255
1180 1272
1180 1283
1180 1284
1180 1357
1180 1380
1180 1427
1180 1433
1181 1281
1181 1364
1181 1380
1182 1248
1182 1261
1182 1296
1183 1201
1183 1440
1183 1465
1184 1215
1184 1481
1185 1192
1185 1261
1185 1264
1185 1391
1185 1475
1186 1190
1186 1291
1186 1369
1186 1497
1187 1211
1187 1344
1187 1349
1187 1372
1188 1203
1188 1246
1189 1358
1189 1493
1190 1305
1190 1371
1190 1411
1190 1414
1190 1441
1190 1493
1191 1259
1191 1263
1191 1283
1191 1374
1191 1378
1191 1422
1191 1457
1192 1348
1192 1382
1193 1224
1193 1332
1194 1320
1194 1323
1194 1438
1194 1453
1195 1367
1195 1384
1196 1253
1196 1302
1196 1490
1197 1278
1197 1483
1199 1203
1200 1372
1201 1427
1201 1482
1202 1270
1202 1321
1202 1436
1203 1295
1203 1372
1203 1445
1204 1408
1204 1441
1204 1486
1205 1302
1205 1305
1205 1320
1205 1413
1205 1437
1205 1474
1206 1276
1206 1318
1206 1321
1206 1358
1206 1362
1206 1415
1206 1461
1207 1384
1207 1454
1208 1343
1208 1380
1208 1385
1209 1341
1210 1216
1210 1312
1210 1342
1210 1421
1211 1353
1211 1390
1211 1489
1214 1251
1215 1279
1216 1406
1216 1470
1217 1253
1217 1357
1217 1391
1217 1438
1217 1450
1219 1262
1219 1364
1219 1378
1219 1494
1220 1285
1220 1295
1220 1366
1220 1392
1220 1421
1220 1452
1220 1464
1221 1232
1221 1282
1221 1493
1222 1269
1222 1290
1223 1253
1223 1257
1223 1397
1224 1243
1224 1354
1224 1419
1224 1479
1225 1252
1225 1417
1225 1453
1226 1328
1227 1279
1227 1456
1229 1338
1229 1354
1229 1355
1229 1421
1230 1498
1231 1414
1231 1459
1232 1290
1232 1318
1232 1347
1232 1464
1234 1296
1234 1310
1234 1338
1234 1446
1234 1453
1235 1270
1235 1299
1235 1399
1235 1419
1235 1438
1236 1416
1237 1374
1237 1442
1237 1487
1238 1253
1238 1275
1238 1302
1238 1487
1239 1271
1239 1312
1239 1423
1239 1442
1239 1460
1240 1260
1240 1281
1241 1256
1241 1304
1241 1332
1241 1352
1242 1292
1242 1472
1243 1262
1243 1267
1243 1450
1244 1255
1244 1416
1244 1485
1245 1262
1245 1265
1245 1339
1245 1480
1247 1281
1247 1313
1247 1360
1247 1453
1248 1306
1248 1330
1248 1375
1248 1447
1249 1355
1249 1427
1249 1436
1249 1483
1250 1305
1250 1347
1250 1432
1250 1450
1251 1309
1251 1314
1251 1368
1252 1260
1252 1285
1253 1399
1253 1465
1254 1275
1254 1291
1254 1432
1255 1447
1256 1285
1256 1298
1256 1478
1258 1329
1259 1424
1260 1364
1260 1468
1261 1350
1261 1390
1262 1373
1262 1434
1263 1439
1264 1344
1264 1447
1264 1486
1265 1279
1265 1348
1266 1410
1266 1432
1266 1468
1267 1276
1267 1355
1268 1376
1268 1387
1269 1377
1269 1386
1270 1347
1270 1433
1271 1311
1272 1322
1272 1441
1272 1493
1273 1398
1274 1344
1274 1487
1276 1310
1276 1335
1276 1398
1276 1440
1277 1448
1278 1319
1278 1374
1281 1294
1281 1404
1281 1447
1281 1450
1282 1326
1282 1402
1282 1419
1283 1293
1283 1359
1283 1392
1284 1295
1284 1332
1284 1485
1285 1367
1285 1393
1285 1450
1287 1401
1288 1293
1288 1346
1289 1353
1290 1306
1291 1383
1291 1488
1292 1372
1292 1442
1293 1345
1294 1361
1294 1364
1294 1387
1295 1354
1295 1361
1297 1347
1297 1367
1297 1419
1297 1439
1297 1456
1298 1300
1298 1379
1298 1424
1298 1459
1299 1319
1299 1328
1299 1465
1300 1310
1300 1375
1300 1492
1301 1314
1301 1380
1303 1316
1303 1399
1303 1474
1303 1478
1304 1318
1304 1488
1305 1429
1305 1454
1306 1395
1307 1344
1307 1390
1307 1396
1308 1426
1308 1431
1309 1464
1309 1487
1312 1481
1312 1497
1313 1498
1314 1395
1314 1427
1315 1368
1315 1387
1317 1495
1318 1405
1318 1409
1319 1463
1320 1370
1320 1449
1321 1334
1321 1403
1321 1450
1322 1453
1323 1347
1323 1497
1324 1370
1324 1400
1324 1457
1324 1496
1325 1421
1326 1403
1327 1443
1328 1442
1328 1477
1329 1343
1329 1382
1329 1407
1329 1416
1330 1342
1330 1378
1330 1461
1331 1416
1332 1430
1332 1441
1332 1452
1332 1471
1333 1426
1337 1408
1337 1484
1338 1367
1338 1423
1339 1408
1340 1391
1341 1354
1342 1346
1342 1433
1342 1465
1344 1401
1344 1455
1345 1408
1345 1449
1346 1350
1347 1389
1350 1376
1350 1390
1350 1404
1355 1392
1355 1446
1356 1436
1357 1472
1359 1376
1360 1424
1361 1430
1362 1379
1362 1410
1362 1417
1362 1419
1363 1498
1364 1372
1366 1384
1366 1428
1368 1388
1368 1396
1369 1480
1369 1484
1370 1499
1371 1413
1371 1415
1371 1444
1371 1448
1374 1435
1374 1465
1374 1468
1374 1492
1376 1414
1379 1485
1379 1494
1380 1453
1381 1476
1382 1442
1383 1438
1383 1447
1383 1452
1385 1467
1387 1407
1387 1432
1388 1408
1388 1416
1389 1437
1390 1405
1392 1474
1392 1490
1392 1499
1394 1420
1394 1426
1396 1496
1396 1499
1397 1487
1398 1491
1399 1421
1402 1433
1402 1460
1404 1419
1404 1459
1405 1433
1405 1499
1406 1427
1406 1449
1408 1412
1410 1491
1411 1457
1415 1432
1417 1436
1417 1481
1418 1499
1421 1477
1422 1441
1423 1478
1426 1430
1428 1472
1430 1445
1431 1464
1431 1487
1440 1464
1442 1466
1442 1480
1442 1486
1448 1466
1451 1460
1452 1490
1454 1496
1455 1459
1458 1466
1460 1471
1465 1497
1467 1470
1471 1478
1474 1499
1494 1496
