1000 4905
0 161
0 241
0 381
0 711
0 730
0 821
0 979
1 74
1 108
1 140
1 147
1 211
1 284
1 400
1 412
1 425
1 543
1 605
1 639
1 710
1 727
1 829
1 921
1 923
2 6
2 131
2 145
2 158
2 238
2 277
2 297
2 346
2 415
2 699
3 49
3 192
3 253
3 800
3 814
3 931
4 95
4 406
4 585
4 703
4 776
4 777
4 872
4 973
5 14
5 159
5 279
5 378
5 398
5 425
5 506
5 520
5 576
5 851
6 112
6 138
6 187
6 291
6 744
6 830
6 845
6 948
6 964
6 974
7 25
7 54
7 96
7 140
7 177
7 215
7 258
7 443
7 553
7 598
7 603
7 707
7 859
8 376
8 377
8 420
8 509
8 723
8 795
8 876
8 945
9 282
9 291
9 297
9 401
9 428
9 595
9 705
9 916
10 374
10 436
10 493
10 511
10 550
10 606
10 756
10 992
11 329
11 515
11 581
11 640
11 672
11 753
11 757
11 789
11 945
12 67
12 145
12 546
12 596
12 658
12 806
12 872
12 913
12 923
13 20
13 112
13 489
13 697
13 702
13 886
14 96
14 182
14 200
14 225
14 243
14 297
14 344
14 410
14 677
14 699
14 833
15 50
15 201
15 205
15 212
15 247
15 298
15 386
15 410
15 567
15 726
15 827
15 917
16 112
16 179
16 467
16 501
16 666
16 732
16 746
16 994
17 237
17 275
17 311
17 532
17 598
17 644
17 695
17 838
17 986
18 307
18 317
18 318
18 320
18 751
18 897
18 939
19 312
19 460
19 714
19 746
19 803
19 937
20 135
20 232
20 270
20 313
20 710
20 788
20 863
20 865
20 913
21 27
21 82
21 281
21 370
21 521
21 549
21 599
21 628
21 630
21 639
21 758
21 805
22 90
22 175
22 415
22 477
22 524
22 647
22 717
22 931
22 932
23 24
23 50
23 108
23 237
23 602
23 625
23 666
23 677
24 214
24 219
24 264
24 315
24 319
24 445
24 451
24 679
24 854
24 919
24 961
25 81
25 95
25 285
25 501
25 639
25 646
25 658
25 660
25 901
26 73
26 168
26 316
26 325
26 406
26 424
26 426
26 465
26 511
26 568
26 613
26 676
26 692
27 74
27 135
27 187
27 362
27 387
27 585
27 682
27 719
27 880
27 914
28 499
28 750
28 974
29 78
29 333
29 506
29 576
29 688
29 697
29 731
29 899
29 933
30 197
30 331
30 368
30 996
31 111
31 200
31 315
31 341
31 381
31 407
31 408
31 421
31 475
31 604
31 799
32 308
32 391
32 703
32 804
32 874
32 877
32 927
33 129
33 470
33 507
33 527
33 543
33 558
33 602
33 614
33 706
33 812
33 874
34 133
34 164
34 228
34 251
34 267
34 305
34 342
34 476
34 533
34 615
34 723
34 726
34 925
34 959
35 170
35 223
35 474
35 630
35 781
36 95
36 188
36 245
36 360
36 442
36 481
36 540
36 624
36 747
36 799
36 864
36 913
37 185
37 251
37 458
37 608
37 790
37 803
37 841
38 60
38 88
38 132
38 136
38 341
38 362
38 719
38 952
39 65
39 118
39 213
39 323
39 455
39 553
39 639
39 736
39 878
39 999
40 137
40 222
40 332
40 382
40 406
40 524
40 781
41 80
41 167
41 254
41 255
41 277
41 372
41 407
41 507
41 659
42 107
42 130
42 174
42 279
42 478
42 520
42 570
42 925
42 943
42 996
43 75
43 143
43 148
43 184
43 241
43 250
43 624
43 762
43 869
43 935
44 90
44 107
44 132
44 236
44 245
44 319
44 383
44 425
44 446
44 450
44 672
44 779
44 806
44 950
44 975
45 104
45 755
45 830
45 933
45 947
46 150
46 283
46 334
46 510
46 607
46 683
47 479
47 628
47 682
47 728
47 738
47 840
47 863
48 132
48 158
48 202
48 262
48 527
48 581
48 672
48 681
48 776
48 994
49 89
49 112
49 320
49 451
49 580
49 583
49 592
49 790
49 834
49 902
50 219
50 391
50 443
50 542
50 549
50 606
50 650
50 850
51 145
51 403
51 462
51 623
51 731
51 751
51 798
52 166
52 459
52 604
52 818
52 853
52 966
53 152
53 182
53 298
53 308
53 347
53 359
53 554
53 618
53 619
53 656
53 698
53 740
53 953
54 250
54 368
54 395
54 451
54 454
54 488
54 511
54 513
54 664
54 694
54 762
54 847
54 867
55 258
55 351
55 533
55 697
55 711
55 746
55 761
55 789
55 802
55 820
55 906
56 121
56 178
56 194
56 347
56 363
56 410
56 550
56 666
56 677
56 699
56 869
56 926
56 935
57 87
57 152
57 209
57 289
57 594
57 682
57 761
57 984
58 561
58 577
58 621
58 696
58 974
59 415
59 558
59 691
59 744
59 787
59 800
59 824
59 847
59 973
60 110
60 197
60 344
60 388
60 551
60 560
60 622
60 734
60 805
60 815
60 889
60 943
60 963
61 92
61 428
61 486
61 491
61 562
61 618
61 770
61 847
61 927
61 932
61 983
62 256
62 375
62 562
62 724
62 736
62 813
62 858
62 948
62 965
63 415
63 675
63 912
63 959
63 980
64 130
64 371
64 430
64 519
64 536
64 961
64 997
65 123
65 317
65 351
65 391
65 684
65 799
65 936
65 942
65 943
66 71
66 80
66 255
66 327
66 348
66 440
66 581
66 735
66 984
67 92
67 176
67 423
67 462
67 911
67 948
68 111
68 407
68 408
68 430
68 667
68 723
68 732
68 772
68 894
69 264
69 304
69 320
69 362
69 617
70 392
70 402
70 405
70 472
70 569
70 628
70 654
70 672
70 673
70 735
70 746
70 933
71 78
71 204
71 274
71 506
71 509
71 563
71 623
71 724
71 890
72 160
72 324
72 741
72 748
72 906
73 79
73 329
73 385
73 464
73 623
73 887
73 994
74 158
74 179
74 206
74 296
74 308
74 454
74 515
74 571
74 578
74 673
74 680
74 738
74 771
74 944
74 974
75 427
75 544
75 545
75 660
75 927
76 184
76 207
76 238
76 293
76 363
76 412
76 504
76 591
76 611
76 667
76 714
76 716
76 740
76 780
76 785
76 836
76 949
77 232
77 302
77 349
77 505
77 558
77 565
77 827
77 888
78 139
78 207
78 234
78 387
78 433
78 482
78 497
78 530
78 647
78 738
78 879
79 118
79 312
79 327
79 527
79 614
79 659
79 675
79 797
79 810
79 837
79 842
79 873
79 890
80 164
80 182
80 215
80 220
80 278
80 411
80 424
80 491
80 920
81 187
81 276
81 356
81 402
81 551
81 755
81 806
82 157
82 214
82 220
82 293
82 320
82 322
82 440
82 687
83 239
83 264
83 319
83 378
83 446
83 472
83 491
83 683
83 726
83 827
83 960
84 163
84 270
84 373
84 450
84 453
84 490
84 585
84 654
84 713
84 775
85 98
85 142
85 229
85 259
85 697
85 758
85 771
85 842
85 931
86 472
86 476
86 639
86 723
86 769
86 805
86 856
86 916
86 928
86 955
87 104
87 142
87 260
87 339
87 398
87 665
87 772
87 917
87 940
87 978
88 156
88 551
88 628
88 761
88 901
89 182
89 254
89 392
89 451
89 537
89 540
89 747
89 822
89 884
89 892
89 960
90 117
90 380
90 855
91 166
91 200
91 242
91 385
91 422
91 453
91 668
91 704
91 733
91 899
92 95
92 131
92 284
92 321
92 338
92 584
92 724
92 740
92 746
92 754
92 867
93 97
93 171
93 277
93 407
93 756
93 785
93 840
93 867
93 921
94 283
94 311
94 683
94 735
94 798
94 921
95 279
95 430
95 566
95 822
95 908
95 972
95 980
95 993
96 159
96 237
96 246
96 344
96 363
96 420
96 471
96 540
96 721
96 743
96 985
96 990
97 134
97 398
97 440
97 519
97 632
97 694
97 700
97 840
97 911
98 119
98 244
98 256
98 270
98 343
98 593
98 760
98 794
98 857
99 171
99 229
99 258
99 283
99 529
99 696
99 751
99 753
99 968
99 969
100 162
100 275
100 314
100 429
100 499
100 590
100 605
100 665
100 684
100 688
100 728
100 906
100 967
101 259
101 270
101 281
101 402
101 409
101 515
101 548
101 574
102 113
102 157
102 240
102 341
102 356
102 478
102 599
102 703
102 885
103 115
103 397
103 441
103 452
103 554
103 791
103 871
103 983
104 279
104 454
104 592
104 605
104 657
104 695
104 723
104 777
104 951
105 201
105 304
105 379
105 589
105 691
105 721
105 925
105 963
105 995
106 183
106 235
106 431
106 515
106 566
106 653
106 676
106 697
106 712
106 824
106 896
106 911
107 116
107 171
107 405
107 511
107 515
107 518
107 637
107 696
107 906
108 176
108 515
108 617
108 681
108 722
108 819
108 913
108 919
108 923
108 999
109 117
109 121
109 192
109 452
109 488
109 561
109 658
109 792
109 912
109 928
110 324
110 365
110 396
110 533
110 711
110 730
110 895
111 426
111 566
111 599
111 748
112 139
112 156
112 168
112 272
112 552
112 653
112 684
112 760
112 794
112 823
112 844
112 881
112 926
112 935
113 121
113 469
113 479
113 542
113 706
113 875
113 950
113 971
114 121
114 296
114 358
114 413
114 592
114 643
114 839
114 878
114 942
114 970
114 981
115 172
115 452
115 462
115 544
115 546
115 570
115 624
115 674
115 693
115 899
115 945
115 946
115 978
115 981
116 357
116 501
116 620
116 692
116 912
117 201
117 310
117 375
117 486
117 684
117 717
117 788
117 853
117 894
118 120
118 306
118 488
118 673
118 960
119 191
119 199
119 206
119 234
119 490
119 545
119 580
119 721
119 976
120 204
120 244
120 293
120 305
120 374
120 657
120 734
120 779
120 846
120 856
121 406
121 698
121 783
121 809
121 827
121 840
121 867
121 870
122 161
122 319
122 489
122 552
122 599
122 789
122 794
122 931
122 933
123 549
123 598
123 610
123 980
124 347
124 417
124 430
124 475
124 576
124 699
124 758
124 898
125 162
125 173
125 289
125 320
125 334
125 395
125 409
125 442
125 495
125 501
125 700
125 753
125 755
125 777
125 860
125 861
126 469
126 477
126 482
126 695
126 738
126 908
127 226
127 229
127 417
127 449
127 508
127 548
127 656
127 666
127 765
127 892
127 921
128 617
128 738
128 756
129 494
129 784
129 956
130 182
130 301
130 353
130 387
130 612
130 639
130 661
130 665
130 680
130 834
130 875
130 942
130 974
130 992
131 156
131 216
131 236
131 303
131 335
131 383
131 500
131 563
131 612
131 642
131 655
131 712
131 844
131 873
131 973
132 203
132 233
132 309
132 868
133 192
133 350
133 351
133 395
133 410
133 438
133 459
133 512
133 603
133 844
133 980
134 459
134 480
134 618
134 795
134 914
134 955
134 980
135 199
135 201
135 240
135 506
135 888
135 890
135 977
136 263
136 277
136 599
136 657
136 715
136 869
137 218
137 286
137 419
137 432
137 557
137 584
137 735
137 916
137 992
138 183
138 431
139 200
139 389
139 515
139 657
139 668
139 810
139 861
140 178
140 274
140 281
140 289
140 376
140 486
140 490
140 691
140 746
140 800
140 835
140 928
141 381
141 463
141 537
141 816
141 832
141 856
141 884
141 918
142 155
142 182
142 345
142 364
142 506
142 591
142 625
142 705
142 886
142 992
143 154
143 182
143 188
143 698
143 707
143 924
143 971
144 227
144 412
144 594
144 673
144 783
144 873
144 905
145 263
145 298
145 308
145 329
145 433
145 448
145 529
145 573
145 911
145 914
145 959
146 158
146 247
146 310
146 450
146 758
146 864
146 871
146 885
147 322
147 332
147 400
147 442
147 547
147 551
147 708
147 749
147 883
147 993
148 235
148 299
148 363
148 368
148 451
148 679
148 776
148 856
148 960
149 248
149 277
149 338
149 364
149 498
149 513
149 656
149 668
149 693
149 722
149 733
149 924
150 332
150 421
150 424
150 545
150 687
150 802
150 875
150 892
150 899
151 434
151 557
151 578
151 968
152 309
152 446
152 465
152 495
152 762
152 814
152 882
152 915
152 958
152 959
152 991
153 173
153 290
153 314
153 409
153 437
153 535
153 680
153 750
153 788
153 912
154 240
154 341
154 354
154 474
154 547
154 677
154 735
154 755
154 769
154 788
154 805
154 829
154 834
154 850
155 190
155 284
155 290
155 363
155 405
155 473
155 496
155 517
155 612
155 647
155 694
155 956
155 986
156 180
156 210
156 348
156 436
156 691
156 816
156 867
157 160
157 303
157 323
157 348
157 540
157 606
157 686
157 807
157 820
157 822
157 855
157 876
158 234
158 248
158 271
158 513
158 560
158 704
158 714
158 738
159 175
159 186
159 199
159 246
159 300
159 545
159 691
159 721
160 248
160 294
160 441
160 468
160 528
160 631
160 672
160 702
160 749
160 781
160 801
160 881
161 274
161 370
161 372
161 386
161 468
161 510
161 568
161 739
161 809
161 810
161 975
162 233
162 295
162 602
162 609
162 690
162 850
163 264
163 339
163 385
163 406
163 465
163 541
163 562
163 629
163 630
163 634
164 224
164 235
164 275
164 313
164 324
164 397
164 432
164 439
164 604
164 867
164 985
165 178
165 260
165 311
165 572
165 581
165 617
165 636
165 643
165 740
165 872
165 914
165 958
166 210
166 216
166 324
166 358
166 400
166 492
166 677
166 780
166 819
166 843
166 849
166 915
167 190
167 208
167 235
167 294
167 324
167 336
167 374
167 413
167 429
167 475
167 641
167 869
167 964
168 299
168 368
168 620
168 709
168 762
168 855
169 584
169 692
169 762
169 939
170 229
170 382
170 570
170 670
170 705
170 754
170 821
171 228
171 285
171 309
171 317
171 409
171 558
171 615
171 748
171 794
171 847
172 384
172 442
172 460
172 622
172 751
172 915
172 965
172 976
172 979
173 220
173 369
173 500
173 583
173 714
173 833
173 872
173 917
174 350
174 517
174 658
174 684
174 714
174 772
174 983
175 291
175 372
175 474
175 493
175 629
175 635
175 682
175 696
176 228
176 234
176 380
176 414
176 488
176 546
176 555
176 730
176 767
176 811
177 384
177 496
177 553
177 581
177 640
177 645
177 667
177 685
177 816
177 886
177 937
178 470
178 589
178 706
178 797
178 874
179 201
179 252
179 362
179 364
179 472
179 774
179 849
179 858
179 993
180 291
180 447
180 758
180 841
180 860
180 890
180 898
180 904
181 488
181 541
181 558
181 612
181 693
181 697
181 708
181 878
182 199
182 222
182 277
182 294
182 307
182 353
182 450
182 497
182 512
182 525
182 590
182 605
182 676
182 689
182 741
182 855
182 896
182 916
183 308
183 499
183 656
183 750
183 890
184 355
184 411
184 534
184 587
184 674
184 724
184 849
184 964
185 235
185 271
185 377
185 597
185 726
185 728
185 899
185 938
186 227
186 280
186 331
186 338
186 346
186 358
186 483
186 537
186 644
186 962
186 989
186 992
187 204
187 206
187 370
187 391
187 504
187 571
187 712
187 721
187 946
188 230
188 549
188 612
188 761
188 877
188 903
189 227
189 537
189 548
189 588
189 602
189 613
189 687
189 773
189 860
189 880
189 904
189 930
189 964
190 226
190 236
190 540
190 596
190 942
191 243
191 409
191 448
191 726
191 832
191 844
191 845
191 862
191 925
192 261
192 297
192 475
192 486
192 500
192 579
192 624
192 626
192 629
192 632
192 664
192 814
192 840
193 327
193 355
193 414
193 556
193 728
193 769
194 249
194 278
194 537
194 617
194 934
194 977
195 474
195 475
195 573
195 643
195 715
195 771
195 954
196 311
196 365
196 477
196 585
196 672
196 684
196 735
196 810
196 864
196 970
197 404
197 419
197 451
197 484
197 530
197 542
197 566
197 586
197 611
197 644
197 912
198 418
198 498
198 613
198 627
198 652
198 769
198 807
199 236
199 282
199 310
199 311
199 339
199 568
199 570
199 727
199 874
199 982
199 985
200 367
200 373
200 560
200 709
200 898
201 237
201 247
201 303
201 539
201 545
201 591
201 632
201 647
201 705
201 761
201 799
201 871
201 900
202 304
202 544
202 558
202 569
202 923
203 360
203 450
203 592
203 760
203 765
204 222
204 310
204 539
204 580
204 629
204 644
204 703
204 750
204 973
205 371
205 449
205 483
205 543
205 549
205 607
205 627
205 833
205 844
205 907
206 262
206 288
206 317
206 364
206 425
206 439
206 442
206 459
206 477
206 479
206 503
206 642
206 990
206 992
206 993
207 280
207 557
207 562
207 596
207 602
207 623
207 673
207 777
208 630
208 716
208 864
208 865
208 903
209 229
209 309
209 310
209 427
209 508
209 556
209 751
209 811
210 241
210 373
210 430
210 462
210 474
210 728
210 746
210 861
211 229
211 278
211 313
211 340
211 422
211 557
211 586
211 799
211 835
211 894
211 908
211 968
212 374
212 432
212 465
212 487
212 549
212 553
212 563
212 626
212 802
212 833
212 847
212 907
213 230
213 255
213 278
213 310
213 386
213 431
213 435
213 463
213 687
213 756
213 783
213 923
213 963
214 226
214 476
214 590
214 682
214 686
214 733
214 749
214 773
214 790
214 828
214 932
214 950
215 308
215 323
215 427
215 563
215 578
215 654
215 674
215 737
216 292
216 313
216 336
216 345
216 454
216 477
216 504
216 508
216 519
216 800
216 837
217 222
217 279
217 285
217 368
217 665
217 744
218 618
218 663
219 305
219 372
219 496
219 519
219 584
219 688
219 734
219 754
220 286
220 504
220 505
220 620
220 652
220 734
220 824
220 899
220 993
221 290
221 401
221 497
221 511
221 595
221 597
221 796
221 833
221 883
221 929
222 443
222 503
222 648
222 908
222 909
222 932
223 257
223 392
223 422
223 423
223 447
223 773
223 819
223 820
223 972
224 291
224 431
224 685
224 718
224 910
224 918
225 276
225 417
225 435
225 477
225 568
225 585
225 637
225 902
225 908
225 919
226 524
226 751
227 392
227 400
227 405
227 557
227 642
227 713
227 933
228 568
228 642
228 678
228 762
228 928
229 552
229 556
229 596
229 721
229 759
229 781
229 933
229 958
230 241
230 278
230 339
230 351
230 434
230 504
230 873
230 879
230 893
231 249
231 393
231 609
231 631
231 693
231 777
231 936
231 961
232 309
232 331
232 644
232 798
232 835
232 891
232 965
233 266
233 281
233 299
233 320
233 470
233 506
233 536
233 597
233 911
233 987
234 367
234 542
234 568
234 662
234 735
234 753
234 765
234 791
234 833
234 954
235 598
235 643
235 658
235 714
235 721
236 262
236 370
236 380
236 650
236 698
236 715
236 850
237 247
237 267
237 273
237 298
237 304
237 344
237 463
237 603
237 608
237 673
237 924
238 335
238 360
238 369
238 371
238 506
238 640
239 435
239 510
239 580
239 640
239 650
239 921
239 925
239 997
240 395
240 502
240 592
240 913
240 981
241 476
241 565
241 666
241 707
241 810
241 876
241 907
242 265
242 336
242 461
242 493
242 701
242 863
243 363
243 412
243 417
243 432
243 500
243 765
243 901
244 439
244 598
244 686
245 266
245 267
245 312
245 387
245 596
245 657
245 742
245 747
245 816
245 841
245 965
246 347
246 399
246 421
246 446
246 449
247 267
247 393
247 537
247 907
247 972
248 475
248 489
248 680
248 751
248 885
248 930
248 931
249 347
249 394
249 500
249 528
249 581
249 683
249 749
249 853
250 328
250 483
250 641
250 732
250 852
251 497
251 897
252 286
252 354
252 474
252 527
252 641
252 672
252 776
253 319
253 327
253 592
253 741
254 292
254 436
254 642
254 760
254 762
254 843
254 847
254 860
254 885
254 915
254 941
255 319
255 388
255 551
255 569
255 816
255 941
255 942
256 302
256 354
256 444
256 468
256 573
256 575
256 603
256 629
256 682
256 838
256 918
256 920
257 262
257 309
257 331
257 355
257 451
257 470
257 496
257 513
257 559
257 560
257 589
257 810
257 814
257 829
257 831
257 841
257 844
257 938
258 339
258 457
258 756
258 806
258 836
258 895
258 899
259 302
259 569
260 385
260 434
260 460
260 532
260 678
260 695
260 726
260 744
261 342
261 352
261 530
261 963
262 359
262 450
262 638
263 296
263 299
263 331
263 407
263 461
263 517
263 575
263 854
264 279
264 626
264 628
264 698
264 818
264 821
264 876
264 892
264 980
265 279
265 302
265 438
265 481
265 559
265 694
265 698
265 865
266 362
266 552
266 606
266 641
266 682
266 811
266 828
266 842
266 866
267 342
267 380
267 450
267 454
267 596
267 723
267 783
268 299
268 372
268 382
268 486
268 567
268 708
268 819
268 933
269 288
269 293
269 515
269 565
269 692
269 817
269 902
269 987
270 367
270 392
270 442
270 662
270 665
270 818
271 305
271 803
271 834
271 987
272 356
272 578
272 653
272 721
272 728
272 743
272 818
272 945
273 290
273 410
273 459
273 593
273 707
273 849
273 901
274 381
274 388
274 780
274 793
274 855
274 891
275 289
275 427
275 527
275 581
275 647
275 894
275 910
275 948
275 961
276 358
276 385
276 524
276 547
276 602
276 687
276 689
276 723
276 861
276 866
276 972
277 368
277 372
277 374
277 415
277 606
277 651
277 661
277 699
277 860
277 915
277 962
277 963
278 626
278 716
279 311
279 385
279 449
279 550
279 596
279 627
279 928
280 392
280 416
280 534
280 819
280 894
280 905
280 946
280 971
281 427
281 553
281 603
281 623
281 757
281 853
281 915
281 964
282 292
282 653
282 877
283 396
283 431
283 967
284 354
284 373
284 609
284 634
284 694
284 827
284 828
285 287
285 298
285 330
285 333
285 355
285 436
285 476
285 570
285 651
285 671
285 690
285 895
286 293
286 432
286 442
286 489
286 574
286 605
286 633
286 690
286 792
286 883
286 940
287 349
287 966
287 970
288 497
288 505
288 509
288 545
288 765
288 806
289 587
289 633
289 789
290 352
290 429
290 563
290 566
290 725
290 826
290 866
290 874
290 938
291 453
291 473
291 552
291 571
291 758
291 800
291 872
291 873
291 911
291 914
291 943
292 314
292 333
292 407
292 441
292 615
292 619
292 626
292 994
293 344
293 438
293 449
293 531
293 859
293 971
294 326
294 445
294 600
294 636
294 802
295 314
295 348
295 372
295 412
295 492
295 739
295 742
295 753
295 838
296 361
296 413
296 494
296 628
296 714
296 877
297 307
297 325
297 383
297 590
297 633
297 699
297 796
297 902
297 922
298 427
298 536
298 653
299 466
299 540
299 613
299 626
299 652
299 785
299 974
300 315
300 336
300 370
300 413
300 469
300 652
301 327
301 406
301 409
301 532
301 595
301 687
301 856
301 991
302 361
302 587
302 678
302 748
302 917
302 927
302 970
303 328
303 484
303 526
303 565
303 625
303 875
303 918
304 481
304 552
304 696
304 754
304 865
304 913
304 943
304 972
305 381
305 557
305 738
305 783
306 338
306 355
306 359
306 665
306 686
306 784
306 879
306 893
306 922
307 317
307 415
307 558
307 769
307 770
307 807
307 896
307 969
308 511
308 655
308 665
308 674
308 774
308 778
309 388
309 426
309 471
309 530
309 555
309 568
309 609
309 612
309 657
310 531
310 590
310 717
310 842
311 348
311 476
311 486
311 549
311 886
311 962
312 530
312 918
313 377
313 480
313 573
313 660
313 702
313 797
313 805
313 973
313 984
314 341
314 468
314 515
314 522
314 523
314 572
314 687
314 712
314 725
314 996
315 324
315 394
315 476
315 489
315 550
315 579
315 590
315 742
315 759
315 765
315 855
315 866
315 954
315 980
315 984
316 365
316 486
316 490
316 516
316 628
316 629
316 710
316 947
317 590
317 640
317 667
317 799
317 831
318 372
318 540
318 677
318 686
318 703
318 866
318 931
319 730
319 928
320 402
320 463
320 474
320 480
320 507
321 593
321 604
321 625
321 945
322 404
322 407
322 606
322 714
322 839
322 873
322 974
323 386
323 511
323 731
324 372
324 433
324 499
324 553
324 588
324 776
324 846
325 396
325 454
325 474
325 693
325 802
325 966
326 527
326 586
326 617
326 633
326 695
326 775
326 844
326 927
327 506
327 646
327 755
327 845
327 874
328 373
328 577
328 957
329 336
329 589
329 694
329 776
329 777
329 882
329 889
329 976
330 524
330 625
330 699
330 752
330 760
330 890
330 985
331 646
331 749
331 866
331 983
331 985
331 988
332 583
332 618
332 961
333 550
333 632
333 711
334 343
334 366
334 587
334 836
334 848
334 887
334 914
335 620
335 822
335 986
336 540
336 601
336 645
336 659
336 718
336 825
337 496
337 525
337 552
337 591
337 663
337 888
337 902
338 437
338 595
338 744
338 775
339 455
339 625
339 902
339 924
339 980
340 443
340 763
340 777
340 939
340 956
341 360
341 377
341 544
341 548
341 647
341 747
341 782
341 803
341 950
341 961
342 459
342 469
342 539
342 576
342 654
342 668
342 700
342 757
342 789
342 840
343 353
343 472
343 667
343 679
343 711
344 372
344 462
344 512
344 541
344 561
344 635
344 643
344 911
344 920
345 365
345 558
345 596
346 388
346 430
346 619
346 661
346 764
346 782
346 981
347 509
347 607
347 640
347 769
347 857
347 860
348 560
348 935
349 444
349 567
349 585
349 732
349 861
349 954
350 389
350 544
350 561
350 773
350 801
350 900
350 914
351 463
351 544
351 565
351 680
351 796
351 807
352 469
352 610
352 678
352 764
352 765
352 781
352 867
352 877
352 886
353 423
353 448
353 519
353 536
353 676
354 426
354 469
354 516
354 621
354 697
354 752
354 757
354 811
355 570
355 649
355 674
355 919
356 563
356 583
356 590
356 757
356 868
356 952
357 462
357 473
357 488
357 669
357 672
357 786
357 792
357 882
358 382
358 502
358 739
359 431
359 683
359 862
359 989
360 604
360 619
360 730
360 740
360 939
361 578
362 375
362 389
362 393
362 471
362 522
362 553
362 641
362 806
362 830
363 472
363 524
363 568
363 593
363 744
363 804
363 943
363 995
364 386
364 557
364 759
364 979
365 395
365 436
365 490
365 492
365 548
365 795
365 926
366 396
366 581
366 708
366 775
366 841
366 972
367 450
367 560
367 792
368 477
368 543
368 632
368 764
368 822
368 967
369 382
369 574
369 583
369 618
369 679
369 843
369 904
369 950
370 396
370 522
370 584
370 676
370 696
370 805
370 968
370 969
371 436
371 527
371 755
371 787
371 918
371 971
371 993
372 441
372 505
372 718
372 813
372 824
372 954
373 477
373 561
373 860
373 947
374 449
374 544
374 562
374 766
374 801
374 918
374 957
374 986
375 418
375 513
375 657
375 695
375 983
376 464
376 521
376 528
376 551
376 682
376 719
376 720
376 770
376 913
376 972
377 494
377 507
377 531
377 961
378 486
378 886
378 933
378 937
379 455
379 564
379 794
379 820
379 864
379 873
379 924
380 494
380 674
381 383
381 399
381 507
381 579
381 715
381 722
381 800
381 840
381 876
381 928
382 458
382 500
382 753
382 821
382 970
383 760
383 820
383 937
384 391
384 466
384 848
384 852
384 973
384 979
385 398
385 421
385 610
385 735
385 967
386 518
386 763
386 780
386 830
387 444
387 561
387 649
387 694
387 782
387 816
388 850
388 938
389 410
389 419
389 554
389 745
389 853
389 915
389 940
390 408
390 409
390 463
390 469
390 627
390 776
390 788
391 607
391 683
391 798
392 488
392 961
392 971
393 654
393 673
393 714
393 796
393 834
393 983
394 634
394 653
394 786
394 864
395 480
395 701
395 732
396 466
396 585
396 616
396 651
396 825
396 837
396 851
396 852
397 435
397 440
397 598
397 650
397 684
397 744
397 802
397 885
397 973
398 415
398 473
398 635
398 665
398 801
398 852
398 977
399 413
399 591
399 694
399 706
399 799
399 865
399 898
399 964
400 492
400 564
400 693
400 805
400 806
400 862
400 999
401 536
401 546
401 614
401 666
401 679
401 945
402 471
402 618
402 661
402 747
402 892
402 893
402 934
403 407
403 409
403 484
403 550
403 556
403 716
403 722
403 911
404 486
404 508
404 524
404 678
404 766
404 945
405 421
405 471
405 670
405 747
406 455
406 558
406 612
407 434
407 472
407 482
407 498
407 674
407 800
407 910
407 950
407 969
407 972
408 624
408 869
409 527
409 620
409 677
409 709
409 754
409 818
409 873
410 444
410 553
410 821
410 868
410 925
410 936
410 987
411 521
411 635
411 646
411 681
411 809
411 849
412 429
412 447
412 487
412 806
412 830
413 456
413 589
413 598
413 609
413 674
413 702
413 705
413 710
413 762
413 818
413 832
413 868
413 937
413 958
414 523
414 528
414 644
414 754
414 791
414 814
414 940
415 557
415 835
415 865
415 917
415 942
415 953
415 984
416 609
416 645
416 659
416 730
416 756
416 779
416 793
417 432
417 568
417 595
417 735
417 932
417 939
418 435
418 538
418 614
418 648
418 656
418 897
418 974
419 727
420 499
420 661
420 685
420 740
420 764
420 847
420 962
421 431
421 592
421 670
421 896
421 907
422 686
422 689
422 766
422 827
423 586
423 641
423 669
423 848
423 963
424 527
424 554
424 607
424 617
424 732
424 811
424 871
425 495
425 537
425 739
425 883
425 889
425 938
425 974
425 975
425 984
425 988
426 605
426 676
426 682
426 721
426 886
426 917
426 920
426 953
426 964
427 433
427 453
427 699
427 704
427 764
427 798
427 820
427 852
427 863
427 877
428 467
428 745
428 764
428 789
428 796
428 809
428 935
429 514
429 543
429 610
429 748
429 820
429 938
430 971
431 441
431 536
431 615
431 653
431 724
431 802
431 848
432 534
432 600
432 839
433 434
433 728
433 732
433 776
433 855
433 925
433 953
434 513
434 620
434 714
434 796
434 960
435 518
435 524
435 614
435 651
435 655
435 799
435 830
435 873
436 437
436 477
436 544
436 679
436 791
436 955
437 449
437 480
437 548
437 778
437 813
437 878
438 567
438 667
438 681
438 788
438 925
439 635
439 678
439 731
439 748
439 757
439 973
439 987
440 475
440 517
440 548
440 560
440 666
440 957
440 997
441 458
441 460
441 553
441 610
441 667
441 677
441 727
441 810
441 871
441 898
442 654
442 684
442 721
442 920
443 474
443 491
443 678
443 968
444 818
444 839
445 512
445 583
445 613
445 659
445 709
445 847
445 977
446 846
446 854
446 918
446 942
447 547
447 762
447 807
447 855
447 896
448 495
448 497
448 524
448 974
448 987
448 994
449 460
449 586
449 641
449 681
449 797
449 824
449 893
449 969
450 560
450 729
450 816
450 873
451 536
451 564
451 603
451 738
451 742
451 963
452 554
452 577
452 592
452 643
452 785
452 898
452 987
453 585
453 651
453 768
453 828
453 980
453 994
454 856
454 883
454 922
454 965
454 975
455 463
455 507
455 662
455 665
455 996
456 597
456 756
457 539
457 651
457 671
457 866
457 920
457 985
458 469
458 650
459 569
459 620
459 668
460 501
460 602
460 604
460 802
460 854
461 527
461 649
461 907
461 978
461 982
462 602
462 637
462 726
463 479
463 509
463 514
463 662
463 803
463 859
463 877
464 474
464 581
464 805
464 999
465 739
465 819
465 846
465 956
465 994
466 892
467 525
467 527
467 653
467 761
467 821
467 914
467 939
468 569
468 696
468 832
469 494
469 497
469 556
469 637
469 716
469 858
469 921
470 528
470 981
471 732
471 783
471 852
471 931
472 508
472 568
472 785
472 982
473 509
473 604
473 621
473 708
473 715
473 747
473 753
473 864
474 602
475 511
475 533
475 672
475 686
475 802
475 844
475 855
476 481
476 571
476 733
476 799
476 868
476 881
477 666
477 728
477 869
477 981
477 983
478 493
478 507
478 558
478 854
478 956
479 570
479 674
479 690
479 723
479 746
479 749
479 953
480 696
480 982
480 987
481 501
481 556
481 698
481 782
482 497
482 643
482 715
482 748
482 833
482 996
483 629
483 718
483 763
483 886
483 973
484 485
484 486
484 520
484 779
484 971
484 998
485 584
485 610
485 637
485 667
485 983
486 576
486 740
486 878
486 906
486 998
487 533
487 544
487 697
487 713
487 970
487 995
488 500
488 837
489 491
489 497
489 778
489 823
490 658
490 673
490 722
491 920
491 964
492 558
492 568
492 581
492 634
492 706
492 869
492 979
493 511
493 533
493 556
493 634
493 772
493 924
493 926
493 969
494 589
494 784
494 880
494 895
494 961
495 544
495 566
495 585
495 651
495 843
496 595
496 681
497 820
497 853
497 896
498 551
498 821
498 987
499 557
499 628
499 829
500 645
500 672
500 794
500 795
500 886
501 713
501 878
501 923
502 577
502 586
502 676
502 680
502 737
502 759
502 876
502 936
502 979
503 602
503 702
503 930
504 507
504 609
504 670
504 723
505 516
505 603
505 675
505 946
505 988
506 659
506 673
506 825
506 901
506 971
507 606
507 655
507 726
507 739
507 831
508 514
508 570
508 626
508 765
508 803
508 832
509 705
509 860
510 576
510 582
510 627
510 671
510 716
510 804
510 856
510 870
510 900
511 662
511 665
511 743
511 833
511 834
511 874
511 905
511 917
512 543
512 759
512 827
512 918
513 693
513 702
513 836
513 890
513 905
513 980
514 606
514 881
514 946
515 633
515 648
515 737
515 766
515 906
515 992
516 575
516 671
516 829
516 841
516 941
517 649
517 698
518 600
518 623
518 658
518 747
519 588
519 766
519 775
520 721
520 773
520 775
520 979
521 578
521 605
521 684
521 744
521 814
521 970
522 526
522 540
522 616
522 663
522 701
522 830
523 829
523 993
524 529
524 613
524 745
524 769
524 876
524 924
524 992
525 645
525 792
525 862
525 947
525 999
526 668
526 791
526 818
526 842
526 856
526 857
527 724
527 771
527 780
528 578
528 597
528 672
528 685
528 692
528 694
528 738
528 834
528 949
529 534
529 602
529 604
529 696
529 741
530 616
530 673
530 867
530 995
531 547
531 578
531 588
531 720
531 927
531 935
532 695
532 776
532 870
532 884
532 888
533 548
533 637
533 736
533 796
533 825
533 992
534 721
535 581
535 703
535 823
535 830
535 847
536 551
536 605
536 645
536 789
537 669
537 819
537 976
538 641
538 727
538 813
538 895
539 604
539 659
540 777
541 546
541 568
541 624
541 989
542 635
542 734
542 864
542 964
543 567
543 578
543 591
543 784
543 858
543 889
543 922
543 959
544 562
544 642
544 643
544 655
544 677
544 842
545 631
545 974
546 623
546 713
546 732
546 737
546 810
546 919
547 704
547 944
548 552
548 700
548 739
548 926
548 957
549 669
549 721
549 784
549 884
549 950
550 664
550 937
550 990
551 610
551 618
551 671
551 776
551 874
551 997
552 553
552 585
552 593
552 682
552 716
552 826
553 684
553 725
553 828
553 936
554 633
554 641
554 789
554 905
554 983
554 985
555 585
555 626
555 634
555 843
555 942
555 996
556 663
556 827
556 919
557 581
557 635
557 707
557 776
557 892
557 988
558 592
558 837
558 905
559 951
560 605
560 910
561 654
561 710
561 784
562 636
562 684
562 731
562 774
562 919
563 632
563 674
563 838
563 927
564 648
564 845
564 858
564 986
566 571
566 606
566 727
566 743
566 869
566 986
567 573
567 848
567 851
567 928
567 964
567 996
567 999
568 575
568 659
568 948
569 692
569 719
569 742
569 776
569 863
569 883
569 908
569 946
570 636
570 642
570 670
570 671
570 699
570 822
570 885
570 976
571 577
571 582
571 589
571 761
571 974
572 865
572 971
573 620
573 747
573 808
573 833
573 872
573 914
573 955
573 973
574 694
574 902
574 929
574 986
575 584
575 606
575 793
575 823
575 900
575 920
575 984
576 659
576 713
576 792
577 719
577 790
577 831
578 896
578 903
579 628
579 752
579 796
579 812
579 924
579 952
579 970
580 772
580 819
580 928
581 671
581 683
581 706
581 766
582 689
582 728
583 852
583 876
584 929
585 870
585 899
585 931
586 880
586 907
587 749
587 755
587 965
587 974
588 605
588 667
588 775
589 908
589 935
589 999
590 768
590 870
590 889
590 916
591 835
592 597
592 644
592 717
592 850
592 875
594 624
594 772
594 779
594 785
594 894
594 922
594 935
594 941
594 966
595 624
595 719
595 887
596 602
596 674
597 711
597 979
598 825
599 631
599 709
599 710
599 729
599 769
599 805
599 818
599 948
599 962
599 985
600 626
600 630
600 776
600 850
600 959
601 632
601 660
601 668
601 843
601 863
601 993
602 817
602 935
602 965
603 628
603 648
604 624
604 968
605 710
606 624
606 765
606 780
606 811
607 687
607 755
607 839
607 882
607 919
607 957
608 802
609 705
609 749
609 845
609 854
609 877
609 883
609 894
610 620
611 651
611 895
612 664
612 769
612 851
612 887
612 932
613 675
613 815
614 731
614 804
614 855
614 985
616 649
616 771
616 789
616 916
616 967
617 631
617 694
617 710
617 957
618 678
618 708
618 835
618 876
618 954
619 626
619 800
619 925
619 930
620 661
620 710
620 856
621 724
621 822
621 956
622 739
622 796
622 906
622 930
622 957
622 980
623 724
623 788
624 634
624 756
624 868
624 902
624 912
624 949
625 645
625 656
625 730
626 782
626 971
627 695
627 723
627 837
627 890
628 668
628 675
628 694
628 720
628 847
628 941
628 965
629 835
629 878
629 961
629 962
629 979
630 725
630 848
630 863
631 637
631 873
632 824
632 890
633 724
633 738
633 756
633 988
634 655
634 707
634 797
634 840
635 748
635 810
635 820
635 858
635 865
635 868
635 954
636 655
636 823
636 848
636 879
636 900
637 812
637 832
637 907
638 648
638 770
639 714
640 829
640 868
640 930
640 977
640 981
641 827
641 869
642 895
642 946
642 997
643 645
643 743
643 828
643 982
645 666
645 765
645 793
645 885
645 900
646 685
646 801
647 658
647 991
648 830
648 847
648 931
649 701
649 761
649 801
649 803
649 850
649 881
650 653
650 690
650 770
650 774
650 849
650 954
651 768
651 820
651 890
652 764
652 774
652 865
652 935
653 742
653 830
653 831
653 832
654 686
654 882
654 919
655 840
655 959
656 741
656 818
656 833
657 704
657 838
657 919
657 952
658 733
658 770
659 847
659 964
659 975
660 830
660 889
660 912
661 912
661 952
662 682
662 730
662 784
662 826
662 848
663 801
663 853
663 938
663 976
663 977
664 665
664 769
664 814
664 821
664 839
664 875
664 933
665 721
665 780
665 979
666 684
666 772
666 777
666 834
666 876
667 733
667 878
667 945
668 835
669 772
669 842
669 883
669 987
670 853
670 938
670 944
671 785
671 830
671 895
672 707
672 715
672 730
672 744
672 777
672 858
672 891
672 941
673 683
673 746
674 698
674 724
674 814
675 908
675 926
676 855
676 874
676 989
677 717
677 753
677 790
677 838
678 802
678 903
678 992
679 852
679 940
679 998
680 740
680 791
680 807
680 829
682 775
682 825
682 865
682 900
683 831
683 886
683 976
684 892
684 954
685 791
685 937
685 983
685 990
686 704
686 749
686 959
687 877
687 975
688 899
689 810
689 876
689 921
690 698
690 753
690 900
691 809
691 847
691 909
691 920
691 953
692 708
692 824
692 927
693 807
694 817
694 964
695 732
695 900
695 996
696 740
696 839
696 890
696 962
698 794
698 803
698 853
698 862
698 882
698 900
699 714
699 812
700 903
700 963
701 827
701 916
701 930
701 970
701 997
702 725
702 759
702 791
702 863
702 908
702 948
702 958
704 715
704 751
704 916
704 952
704 962
705 807
705 887
706 769
706 830
706 941
706 988
707 725
707 829
708 864
708 967
709 776
710 723
711 721
711 738
711 828
711 948
711 981
712 731
712 786
712 817
712 904
712 912
713 890
713 987
714 861
714 994
714 996
715 783
715 851
715 868
715 970
716 745
717 721
717 730
717 813
717 910
717 932
717 964
718 765
718 821
718 855
720 837
720 873
720 880
721 861
722 753
722 815
723 812
723 930
724 790
725 777
726 910
726 987
728 813
728 861
728 963
729 815
729 845
729 881
729 912
729 923
730 751
730 770
730 908
731 855
731 858
733 814
733 849
733 901
733 913
733 936
733 972
734 803
734 844
734 910
734 938
734 971
735 921
736 801
737 748
737 805
737 808
737 831
738 825
738 827
738 933
738 948
739 920
739 929
739 933
739 934
740 757
740 789
740 919
741 780
741 803
741 811
741 865
741 870
741 878
741 955
742 886
743 901
743 906
744 769
744 835
744 961
744 964
744 968
745 835
745 901
745 926
746 828
746 929
746 931
747 898
748 749
748 832
748 851
748 923
749 760
749 807
749 831
749 895
749 900
749 920
750 798
750 841
750 942
751 810
751 895
751 931
751 953
751 995
752 989
753 887
753 942
754 813
754 981
755 793
755 951
755 988
756 909
756 992
757 814
757 837
758 772
758 790
759 963
760 804
760 960
760 983
761 926
761 958
761 962
762 766
762 920
762 963
762 985
763 778
763 808
763 870
763 964
764 821
764 823
765 772
765 797
765 883
766 884
766 939
767 892
768 870
771 815
771 916
771 958
771 996
772 800
772 873
772 887
772 914
772 919
772 921
773 779
773 884
773 928
774 867
774 977
774 997
775 795
775 840
775 887
775 962
776 806
776 862
776 953
776 992
777 806
777 811
778 847
778 931
780 810
780 982
781 858
781 917
782 821
782 866
782 930
782 954
783 849
783 855
783 907
783 924
783 989
784 841
784 921
785 842
785 911
785 983
788 825
788 832
789 839
789 926
790 847
790 928
791 835
792 869
792 939
792 995
793 812
793 821
793 964
794 866
794 881
795 837
795 894
795 972
795 983
797 952
797 971
797 981
797 983
798 911
798 952
798 970
798 975
798 999
799 831
801 837
801 891
801 895
801 971
801 988
802 825
802 949
802 985
803 934
803 936
804 894
804 925
805 937
805 940
805 979
806 855
806 965
807 835
807 860
807 933
809 978
809 984
810 851
810 990
811 880
811 970
812 870
813 842
813 941
814 914
814 987
815 840
815 920
816 963
818 856
819 835
819 853
820 961
821 838
821 916
821 926
821 937
822 828
822 854
822 887
822 956
823 878
823 972
824 930
824 943
825 858
825 980
826 904
827 864
827 980
829 951
829 974
830 919
831 872
831 884
831 913
831 995
831 999
832 855
832 867
832 962
833 921
833 976
833 981
834 979
834 991
836 935
837 975
838 963
840 854
840 944
843 919
844 867
844 915
845 920
845 967
846 874
847 886
848 939
850 907
850 914
851 948
851 962
852 861
852 896
852 992
853 882
853 947
854 879
856 984
857 863
857 906
860 869
860 870
862 876
862 944
862 968
868 898
869 873
869 992
870 880
870 951
871 991
875 882
875 958
875 962
876 882
877 886
879 976
880 899
880 956
881 904
883 899
883 914
885 952
885 986
886 988
889 982
890 915
890 938
891 981
892 919
894 930
894 961
894 962
895 928
895 934
895 935
898 904
898 987
899 956
899 973
900 911
900 983
901 916
903 965
905 964
906 963
907 919
908 945
909 933
909 983
910 946
912 915
912 998
913 938
915 948
916 977
918 977
919 933
919 987
921 923
924 958
928 970
929 953
930 982
930 998
932 986
935 956
935 978
937 958
937 994
939 978
941 974
942 965
943 954
944 997
945 961
945 969
948 980
949 977
957 994
961 981
961 984
965 966
969 993
970 986
972 975
983 985
983 987
