500 1288
0 42
0 78
0 178
0 247
0 248
0 283
0 327
0 344
0 390
0 462
1 181
1 422
1 495
2 126
2 128
2 157
2 195
2 216
2 422
2 439
2 441
2 489
3 10
3 126
3 180
3 264
3 414
4 160
4 170
4 259
4 352
4 382
4 486
5 169
5 263
5 269
5 397
5 458
5 480
6 10
6 59
6 238
6 252
6 419
7 157
7 422
8 361
8 390
9 69
9 80
9 82
9 255
9 329
9 499
10 71
10 86
10 219
10 221
10 254
10 360
10 411
11 156
11 367
11 461
12 72
12 320
12 369
12 450
13 164
13 348
13 365
13 390
14 43
14 106
14 330
14 384
14 430
15 90
15 97
15 173
15 439
16 80
16 98
16 445
16 460
16 479
17 70
17 145
17 244
17 481
18 119
18 158
18 222
18 229
18 272
18 329
18 378
18 467
18 493
18 498
19 69
19 121
19 165
19 179
19 450
20 21
20 223
20 229
20 295
21 63
21 228
21 410
21 476
22 58
22 89
22 251
23 49
23 157
23 171
23 227
23 261
23 465
24 60
24 231
24 322
24 340
25 48
25 326
25 361
25 365
25 425
25 452
26 216
26 237
26 276
27 141
27 170
28 195
28 274
28 283
29 103
29 192
29 339
29 383
30 60
30 165
30 238
30 379
30 432
30 452
30 467
31 65
31 74
31 116
31 270
31 316
31 466
32 222
32 279
32 309
33 188
33 215
33 284
33 297
33 341
33 377
33 413
34 228
34 393
35 87
35 96
35 250
35 261
35 293
35 311
35 492
36 49
36 221
36 264
36 306
36 498
37 146
37 154
37 159
37 266
37 384
38 64
38 70
38 354
38 368
38 462
39 76
39 224
39 407
39 409
39 453
40 70
40 72
40 129
40 169
40 418
40 475
41 57
41 172
41 474
42 61
42 128
42 167
42 339
42 411
43 65
43 163
43 322
43 381
43 398
44 53
44 215
44 452
44 457
45 76
45 423
45 435
46 61
46 231
47 54
47 73
47 81
47 154
47 163
47 247
47 357
47 397
48 210
48 436
48 451
49 75
49 163
49 411
50 72
50 90
50 141
50 218
50 293
50 401
50 404
51 243
51 267
51 321
52 76
52 90
52 114
52 140
52 158
52 234
52 242
52 380
53 443
54 60
54 64
54 138
54 409
55 162
55 203
56 465
56 494
57 64
57 81
57 120
57 291
57 334
57 398
57 411
57 448
58 117
58 145
58 265
58 369
58 464
59 156
59 221
59 295
59 364
59 372
59 487
60 191
61 98
61 111
61 171
61 201
61 358
61 359
61 370
61 393
61 402
61 473
62 241
62 318
62 373
62 463
63 71
63 78
63 352
63 365
63 447
63 461
64 88
64 189
64 422
65 96
65 179
65 207
65 326
65 461
66 148
66 245
66 374
66 431
66 465
66 469
67 209
67 353
67 388
68 93
69 189
69 441
69 477
70 104
70 178
70 481
71 334
72 80
72 145
72 254
72 482
73 88
73 145
73 149
73 247
73 401
74 251
74 300
74 316
74 392
75 86
75 304
75 354
75 394
76 305
76 455
77 145
77 407
78 163
78 178
78 227
78 281
78 285
78 298
78 400
79 177
79 193
79 221
79 279
79 380
79 395
79 407
80 158
80 291
80 364
81 248
81 342
81 348
81 394
81 426
82 84
82 208
82 278
82 358
82 403
82 408
82 446
83 156
83 397
84 108
84 132
84 281
84 291
84 362
84 413
85 104
85 226
85 394
86 315
86 372
86 497
87 276
87 474
87 498
88 256
88 307
88 320
88 326
88 466
89 281
89 332
90 169
90 173
90 180
90 186
90 242
90 345
90 426
90 498
91 330
91 353
91 409
92 188
92 224
92 361
92 378
93 152
93 269
93 337
93 425
93 480
94 107
94 186
94 323
94 357
94 468
95 152
95 197
95 273
95 282
95 321
95 324
95 393
96 111
96 181
96 285
96 429
96 465
97 195
97 303
97 462
98 101
98 147
98 250
98 326
98 402
99 147
99 161
100 133
100 152
100 307
100 328
100 391
100 428
100 440
100 465
100 488
101 149
101 368
101 451
101 484
102 186
102 283
102 286
102 420
102 422
102 451
102 464
103 167
103 191
103 370
104 173
104 309
104 329
104 416
105 362
106 128
106 302
107 109
107 120
107 154
107 166
107 420
107 429
107 430
107 435
107 450
107 476
108 127
108 382
108 463
109 199
109 319
109 323
109 337
109 359
110 182
110 228
110 295
110 427
110 492
111 113
111 187
111 299
111 392
111 473
112 346
112 392
113 298
113 320
113 338
113 339
113 375
113 400
113 489
114 340
114 477
115 409
115 464
116 173
116 304
116 326
116 355
116 425
116 431
117 162
118 255
118 290
118 437
119 132
119 144
119 210
119 313
119 426
120 174
120 217
120 241
120 350
120 453
121 185
121 443
122 139
122 355
122 445
123 144
123 146
123 168
123 338
123 457
124 299
124 331
125 198
125 288
125 416
125 475
125 496
126 147
126 159
126 206
126 222
126 224
126 254
126 267
126 329
126 421
127 158
127 169
127 182
127 378
127 455
128 239
128 311
128 400
128 410
128 483
129 186
129 259
129 283
129 328
129 333
130 210
130 335
131 133
131 271
131 467
132 249
132 264
132 471
132 484
133 482
134 388
134 407
134 410
134 435
134 468
135 143
135 198
135 244
135 253
135 399
135 487
136 158
136 222
136 309
136 393
136 445
136 482
137 140
137 341
138 191
138 427
138 479
139 144
139 236
139 288
139 324
139 346
139 472
139 481
140 253
140 280
140 319
140 338
140 458
141 155
141 378
141 392
142 254
142 406
142 420
143 160
143 169
143 289
143 290
143 363
143 429
144 159
144 275
144 315
144 403
145 179
145 343
146 316
146 329
147 461
147 494
148 206
148 367
149 324
149 388
149 399
150 158
150 195
150 449
151 176
151 344
151 347
152 195
152 243
152 260
152 272
152 335
152 337
152 494
153 232
154 229
154 305
154 369
154 371
154 469
155 234
155 264
155 489
156 170
156 265
157 239
157 241
157 252
157 414
157 425
157 441
158 245
158 247
158 253
158 349
160 222
161 174
162 261
162 423
162 427
162 471
163 169
163 193
164 264
164 362
164 364
164 397
164 404
164 416
164 447
164 457
165 172
165 234
165 267
165 362
166 185
166 210
166 225
167 241
168 345
168 414
169 219
169 320
169 368
169 412
169 430
169 496
170 198
170 250
170 287
170 319
171 195
171 282
171 284
171 309
171 415
172 221
173 210
173 270
173 293
173 477
174 290
174 359
174 460
174 484
175 177
175 216
175 269
175 292
175 324
175 446
175 449
176 192
176 332
176 425
176 437
177 297
177 393
177 413
177 470
178 221
178 231
178 258
178 357
179 255
179 452
179 469
180 226
180 282
180 308
180 350
180 413
181 182
181 437
181 451
182 352
182 424
183 246
183 298
183 325
183 433
184 280
184 329
184 339
184 402
184 413
185 255
185 381
186 285
186 356
186 396
186 486
187 259
187 289
187 303
187 370
188 215
188 266
188 298
188 471
189 311
190 353
190 360
191 224
191 276
191 465
192 194
192 278
192 318
193 199
193 276
193 353
193 381
193 477
194 319
194 345
194 436
195 291
195 379
195 418
195 495
196 297
198 256
199 205
199 218
199 304
200 309
201 213
201 224
201 230
202 317
202 370
203 453
203 484
204 284
204 475
205 322
205 356
205 422
205 446
205 451
206 269
206 334
206 447
207 251
207 452
208 252
208 450
208 464
208 467
209 218
209 461
210 359
210 436
210 481
210 486
211 232
211 384
211 393
211 431
212 263
212 351
212 360
212 472
213 256
213 291
213 464
214 253
214 279
214 282
214 314
215 234
215 235
215 247
215 449
215 499
216 221
216 329
216 359
216 441
217 358
217 364
218 316
218 364
218 417
219 379
219 445
219 467
220 312
220 443
220 444
221 263
221 449
222 225
222 400
222 409
222 458
223 437
223 471
225 355
225 384
225 446
226 377
226 478
227 310
228 260
228 265
229 319
229 352
229 360
230 274
230 443
231 378
231 386
231 390
231 397
231 439
231 466
232 383
233 319
233 425
234 279
234 427
234 462
235 324
235 394
235 404
235 435
235 497
236 378
236 462
236 499
237 245
237 317
237 331
237 438
237 453
238 400
238 472
239 389
239 471
240 254
240 353
240 356
240 496
241 254
241 266
242 255
242 272
242 438
242 483
243 347
243 355
243 363
243 438
245 343
246 331
246 344
246 496
247 305
247 324
247 472
248 267
248 318
248 432
249 313
249 323
249 332
249 403
249 407
249 463
250 282
251 311
251 333
251 335
251 344
251 431
251 456
251 485
252 372
253 260
253 291
253 378
253 467
254 373
254 391
254 418
254 436
255 265
255 338
255 357
255 417
255 451
256 260
257 376
257 480
258 305
258 331
258 347
258 485
259 319
259 401
259 417
260 331
262 299
262 346
262 456
262 498
263 264
263 355
263 457
264 324
264 355
264 431
265 294
265 395
266 338
266 432
266 475
267 307
267 475
268 401
268 468
268 481
269 313
269 316
269 499
270 300
270 451
271 367
272 287
272 429
273 301
274 307
274 431
274 461
275 281
275 298
276 332
276 384
277 353
277 374
277 390
277 468
278 302
278 337
278 405
279 354
280 469
281 307
281 340
281 403
281 481
282 328
283 319
283 413
284 297
284 300
284 305
284 468
284 476
285 349
285 361
286 292
286 372
286 381
286 396
286 406
286 495
287 288
287 386
288 356
288 369
289 314
290 354
290 478
290 497
291 386
291 396
292 426
294 317
294 414
294 476
294 488
295 431
295 485
295 491
296 484
297 373
298 437
300 306
300 336
302 351
302 438
303 351
303 428
303 434
303 488
304 468
305 342
305 362
306 387
307 396
308 348
308 447
308 459
310 321
310 483
311 320
312 335
312 364
312 395
312 397
312 414
313 422
313 430
314 331
314 452
315 472
315 479
316 328
316 337
316 446
317 347
317 415
319 471
321 336
321 404
321 458
321 496
322 429
322 487
323 368
323 387
325 341
326 378
327 368
327 437
328 489
329 358
329 452
330 344
330 378
330 399
330 486
331 474
334 338
335 427
335 465
336 372
336 401
337 345
337 346
337 368
337 439
338 419
338 449
338 474
339 341
339 487
341 480
342 419
343 378
343 419
344 428
344 461
346 364
346 490
347 373
347 380
347 412
347 432
348 421
348 499
349 411
349 449
350 370
350 465
351 406
351 408
351 455
352 356
352 401
352 445
352 483
353 421
353 446
355 358
355 418
355 455
356 390
357 359
357 462
357 472
358 386
359 473
360 477
361 389
362 364
362 419
362 455
362 498
363 430
364 415
364 468
364 472
365 447
366 421
369 419
369 493
370 490
371 480
372 394
372 474
373 385
376 490
379 447
380 414
381 414
381 421
382 498
383 391
384 419
384 485
385 424
385 481
386 478
387 450
387 457
387 487
389 393
389 399
389 497
390 401
390 481
391 485
392 468
392 486
395 404
396 468
396 484
397 454
398 481
399 450
401 425
402 431
402 478
403 463
404 447
405 423
405 442
405 482
406 431
406 480
408 452
409 444
410 430
411 433
411 459
411 491
414 420
414 488
415 499
416 438
416 476
423 464
424 459
426 432
426 435
428 462
428 484
429 457
430 453
430 490
431 452
434 445
437 455
437 478
438 449
440 457
441 445
443 495
445 490
448 454
450 463
455 485
456 460
458 480
466 486
468 492
469 479
472 490
478 494
482 496
491 496
